331436775,apache/flink,19/08/18 14:01,spirals-bears,37882099-5e5d-4fae-9744-50be0382c1aa_01-18-week3-PASSING_AND_PASSING,61,5,66
330613245,apache/flink,19/08/18 14:01,spirals-bears,37882099-5e5d-4fae-9744-50be0382c1aa_01-18-week3-PASSING_AND_PASSING,60,5,65
330709127,apache/flink,19/08/18 14:01,spirals-bears,37882099-5e5d-4fae-9744-50be0382c1aa_01-18-week3-PASSING_AND_PASSING,65,7,72
331117684,apache/flink,19/08/18 14:01,spirals-bears,37882099-5e5d-4fae-9744-50be0382c1aa_01-18-week3-PASSING_AND_PASSING,69,7,76
330708390,apache/flink,19/08/18 14:03,spirals-bears,37882099-5e5d-4fae-9744-50be0382c1aa_01-18-week3-PASSING_AND_PASSING,64,6,70
330381562,apache/flink,19/08/18 14:03,spirals-bears,37882099-5e5d-4fae-9744-50be0382c1aa_01-18-week3-PASSING_AND_PASSING,68,6,74
330377185,apache/flink,19/08/18 14:04,spirals-bears,37882099-5e5d-4fae-9744-50be0382c1aa_01-18-week3-PASSING_AND_PASSING,74,6,80
330599736,apache/flink,19/08/18 14:04,spirals-bears,37882099-5e5d-4fae-9744-50be0382c1aa_01-18-week3-PASSING_AND_PASSING,57,0,2,7,8,74
330300830,apache/flink,19/08/18 14:05,spirals-bears,37882099-5e5d-4fae-9744-50be0382c1aa_01-18-week3-PASSING_AND_PASSING,62,5,67
324205624,apache/flink,19/08/18 14:06,spirals-bears,37882099-5e5d-4fae-9744-50be0382c1aa_01-18-week3-PASSING_AND_PASSING,61,0,2,6,13,82
326575433,apache/flink,19/08/18 14:07,spirals-bears,37882099-5e5d-4fae-9744-50be0382c1aa_01-18-week3-PASSING_AND_PASSING,65,0,1,7,10,83
329853954,apache/flink,19/08/18 14:09,spirals-bears,37882099-5e5d-4fae-9744-50be0382c1aa_01-18-week3-PASSING_AND_PASSING,59,6,65
330383136,apache/flink,19/08/18 14:10,spirals-bears,37882099-5e5d-4fae-9744-50be0382c1aa_01-18-week3-PASSING_AND_PASSING,62,0,1,1,210,2,276
328995405,apache/flink,19/08/18 14:15,spirals-bears,37882099-5e5d-4fae-9744-50be0382c1aa_01-18-week3-PASSING_AND_PASSING,68,0,1,8,164,10,251
328583753,apache/flink,19/08/18 14:16,spirals-bears,37882099-5e5d-4fae-9744-50be0382c1aa_01-18-week3-PASSING_AND_PASSING,64,0,2,6,9,81
329399505,apache/flink,19/08/18 14:18,spirals-bears,37882099-5e5d-4fae-9744-50be0382c1aa_01-18-week3-PASSING_AND_PASSING,67,7,74
329093011,apache/flink,19/08/18 14:23,spirals-bears,37882099-5e5d-4fae-9744-50be0382c1aa_01-18-week3-PASSING_AND_PASSING,60,0,2,1,250,2,315
306230165,apache/flink,19/08/18 14:24,spirals-bears,37882099-5e5d-4fae-9744-50be0382c1aa_01-18-week3-PASSING_AND_PASSING,60,7,67
329092134,apache/flink,19/08/18 14:29,spirals-bears,37882099-5e5d-4fae-9744-50be0382c1aa_01-18-week3-PASSING_AND_PASSING,63,0,2,1,189,1,256
325068110,apache/flink,19/08/18 14:31,spirals-bears,37882099-5e5d-4fae-9744-50be0382c1aa_01-18-week3-PASSING_AND_PASSING,81,11,92
328917407,apache/flink,19/08/18 14:36,spirals-bears,37882099-5e5d-4fae-9744-50be0382c1aa_01-18-week3-PASSING_AND_PASSING,60,0,2,7,217,10,296
316866640,apache/flink,19/08/18 14:38,spirals-bears,37882099-5e5d-4fae-9744-50be0382c1aa_01-18-week3-PASSING_AND_PASSING,71,0,1,7,18,97
329877560,apache/flink,19/08/18 14:41,spirals-bears,37882099-5e5d-4fae-9744-50be0382c1aa_01-18-week3-PASSING_AND_PASSING,13,0,0,59,0,1,75,0,52,1,1,607,1,62,41,1467,2380
331247207,prestodb/presto,19/08/18 14:42,spirals-bears,37882099-5e5d-4fae-9744-50be0382c1aa_01-18-week3-PASSING_AND_PASSING,43,0,1,0,189,2,235
330760662,apache/flink,19/08/18 14:42,spirals-bears,37882099-5e5d-4fae-9744-50be0382c1aa_01-18-week3-PASSING_AND_PASSING,13,0,0,62,0,2,86,0,39,2,1,648,2,58,43,1480,2436
330624726,prestodb/presto,19/08/18 14:43,spirals-bears,37882099-5e5d-4fae-9744-50be0382c1aa_01-18-week3-PASSING_AND_PASSING,50,5,55
330352148,prestodb/presto,19/08/18 14:44,spirals-bears,37882099-5e5d-4fae-9744-50be0382c1aa_01-18-week3-PASSING_AND_PASSING,43,9,52
328395315,apache/flink,19/08/18 14:48,spirals-bears,37882099-5e5d-4fae-9744-50be0382c1aa_01-18-week3-PASSING_AND_PASSING,8,0,0,52,0,2,79,0,37,1,1,582,1,69,36,1488,2356
330703286,prestodb/presto,19/08/18 14:49,spirals-bears,37882099-5e5d-4fae-9744-50be0382c1aa_01-18-week3-PASSING_AND_PASSING,43,9,52
330700452,prestodb/presto,19/08/18 14:50,spirals-bears,37882099-5e5d-4fae-9744-50be0382c1aa_01-18-week3-PASSING_AND_PASSING,43,0,1,1,280,2,327
328116191,prestodb/presto,19/08/18 14:50,spirals-bears,37882099-5e5d-4fae-9744-50be0382c1aa_01-18-week3-PASSING_AND_PASSING,43,9,52
329672480,prestodb/presto,19/08/18 14:51,spirals-bears,37882099-5e5d-4fae-9744-50be0382c1aa_01-18-week3-PASSING_AND_PASSING,42,7,49
328364653,prestodb/presto,19/08/18 14:53,spirals-bears,37882099-5e5d-4fae-9744-50be0382c1aa_01-18-week3-PASSING_AND_PASSING,47,4,51
330159631,prestodb/presto,19/08/18 14:56,spirals-bears,37882099-5e5d-4fae-9744-50be0382c1aa_01-18-week3-PASSING_AND_PASSING,46,0,1,1,125,3,176
331059896,prestodb/presto,19/08/18 15:10,spirals-bears,37882099-5e5d-4fae-9744-50be0382c1aa_01-18-week3-PASSING_AND_PASSING,45,0,804,1,1,845,2,1698
330703735,prestodb/presto,19/08/18 15:11,spirals-bears,37882099-5e5d-4fae-9744-50be0382c1aa_01-18-week3-PASSING_AND_PASSING,44,0,776,2,1,858,3,1684
327510544,prestodb/presto,19/08/18 15:12,spirals-bears,37882099-5e5d-4fae-9744-50be0382c1aa_01-18-week3-PASSING_AND_PASSING,47,7,54
329074148,prestodb/presto,19/08/18 15:13,spirals-bears,37882099-5e5d-4fae-9744-50be0382c1aa_01-18-week3-PASSING_AND_PASSING,42,7,49
328360370,prestodb/presto,19/08/18 15:14,spirals-bears,37882099-5e5d-4fae-9744-50be0382c1aa_01-18-week3-PASSING_AND_PASSING,42,5,47
329452481,prestodb/presto,19/08/18 15:15,spirals-bears,37882099-5e5d-4fae-9744-50be0382c1aa_01-18-week3-PASSING_AND_PASSING,60,8,68
329420320,prestodb/presto,19/08/18 15:16,spirals-bears,37882099-5e5d-4fae-9744-50be0382c1aa_01-18-week3-PASSING_AND_PASSING,41,6,47
329094935,prestodb/presto,19/08/18 15:18,spirals-bears,37882099-5e5d-4fae-9744-50be0382c1aa_01-18-week3-PASSING_AND_PASSING,41,0,1,5,7,54
330160219,prestodb/presto,19/08/18 15:20,spirals-bears,37882099-5e5d-4fae-9744-50be0382c1aa_01-18-week3-PASSING_AND_PASSING,42,0,818,2,1,917,1,1781
329912273,prestodb/presto,19/08/18 15:20,spirals-bears,37882099-5e5d-4fae-9744-50be0382c1aa_01-18-week3-PASSING_AND_PASSING,47,0,2,1,472,5,527
329093572,prestodb/presto,19/08/18 15:23,spirals-bears,37882099-5e5d-4fae-9744-50be0382c1aa_01-18-week3-PASSING_AND_PASSING,43,0,2,1,106,2,154
330154135,prestodb/presto,19/08/18 15:25,spirals-bears,37882099-5e5d-4fae-9744-50be0382c1aa_01-18-week3-PASSING_AND_PASSING,43,0,776,3,1,928,3,1754
330986266,apache/incubator-druid,19/08/18 15:26,spirals-bears,37882099-5e5d-4fae-9744-50be0382c1aa_01-18-week3-PASSING_AND_PASSING,47,11,58
331172147,JMRI/JMRI,19/08/18 15:35,spirals-bears,37882099-5e5d-4fae-9744-50be0382c1aa_01-18-week3-PASSING_AND_PASSING,294,0,0,14,180,39,527
331455326,JMRI/JMRI,19/08/18 15:44,spirals-bears,37882099-5e5d-4fae-9744-50be0382c1aa_01-18-week3-PASSING_AND_PASSING,289,0,0,13,156,33,491
329097716,prestodb/presto,19/08/18 15:46,spirals-bears,37882099-5e5d-4fae-9744-50be0382c1aa_01-18-week3-PASSING_AND_PASSING,43,0,809,1,1,844,2,1700
329009293,prestodb/presto,19/08/18 15:50,spirals-bears,37882099-5e5d-4fae-9744-50be0382c1aa_01-18-week3-PASSING_AND_PASSING,42,0,818,1,1,900,2,1764
328531678,prestodb/presto,19/08/18 15:52,spirals-bears,37882099-5e5d-4fae-9744-50be0382c1aa_01-18-week3-PASSING_AND_PASSING,43,0,782,1,0,909,2,1737
331188660,JMRI/JMRI,19/08/18 15:53,spirals-bears,37882099-5e5d-4fae-9744-50be0382c1aa_01-18-week3-PASSING_AND_PASSING,329,0,0,13,165,34,541
331352979,JMRI/JMRI,19/08/18 16:00,spirals-bears,37882099-5e5d-4fae-9744-50be0382c1aa_01-18-week3-PASSING_AND_PASSING,396,0,1,6,166,8,577
331312401,JMRI/JMRI,19/08/18 16:01,spirals-bears,37882099-5e5d-4fae-9744-50be0382c1aa_01-18-week3-PASSING_AND_PASSING,289,0,1,13,163,28,494
331180661,JMRI/JMRI,19/08/18 16:08,spirals-bears,37882099-5e5d-4fae-9744-50be0382c1aa_01-18-week3-PASSING_AND_PASSING,265,0,0,13,163,12,453
331372994,JMRI/JMRI,19/08/18 16:23,spirals-bears,37882099-5e5d-4fae-9744-50be0382c1aa_01-18-week3-PASSING_AND_PASSING,11,0,1,1450,0,121,0,2,9,85,2,247,63,177,2168
331301499,JMRI/JMRI,19/08/18 16:27,spirals-bears,37882099-5e5d-4fae-9744-50be0382c1aa_01-18-week3-PASSING_AND_PASSING,285,0,1472,0,13,172,8,39,1989
331185644,JMRI/JMRI,19/08/18 16:30,spirals-bears,37882099-5e5d-4fae-9744-50be0382c1aa_01-18-week3-PASSING_AND_PASSING,241,0,0,15,156,35,447
331296780,JMRI/JMRI,19/08/18 16:33,spirals-bears,37882099-5e5d-4fae-9744-50be0382c1aa_01-18-week3-PASSING_AND_PASSING,278,0,1434,0,12,171,8,30,1933
331022139,JMRI/JMRI,19/08/18 16:37,spirals-bears,37882099-5e5d-4fae-9744-50be0382c1aa_01-18-week3-PASSING_AND_PASSING,355,27,382
331259920,JMRI/JMRI,19/08/18 16:39,spirals-bears,37882099-5e5d-4fae-9744-50be0382c1aa_01-18-week3-PASSING_AND_PASSING,252,0,1432,0,7,172,6,6,1875
329193485,JMRI/JMRI,19/08/18 16:44,spirals-bears,37882099-5e5d-4fae-9744-50be0382c1aa_01-18-week3-PASSING_AND_PASSING,368,31,399
329336065,JMRI/JMRI,19/08/18 16:47,spirals-bears,37882099-5e5d-4fae-9744-50be0382c1aa_01-18-week3-PASSING_AND_PASSING,260,0,1,6,150,7,424
328844823,JMRI/JMRI,19/08/18 16:52,spirals-bears,37882099-5e5d-4fae-9744-50be0382c1aa_01-18-week3-PASSING_AND_PASSING,270,26,296
331156583,JMRI/JMRI,19/08/18 16:59,spirals-bears,37882099-5e5d-4fae-9744-50be0382c1aa_01-18-week3-PASSING_AND_PASSING,260,0,1418,0,15,170,10,42,1915
330985667,JMRI/JMRI,19/08/18 17:11,spirals-bears,37882099-5e5d-4fae-9744-50be0382c1aa_01-18-week3-PASSING_AND_PASSING,12,0,2,1438,1,152,0,3,7,90,1,261,69,174,2210
326980735,apache/nifi,19/08/18 17:12,spirals-bears,37882099-5e5d-4fae-9744-50be0382c1aa_01-18-week3-PASSING_AND_PASSING,36,2,4,6,11,59
329991040,INRIA/spoon,19/08/18 17:13,spirals-bears,37882099-5e5d-4fae-9744-50be0382c1aa_01-18-week3-PASSING_AND_PASSING,8,0,0,5,41,4,58
330414437,INRIA/spoon,19/08/18 17:13,spirals-bears,37882099-5e5d-4fae-9744-50be0382c1aa_01-18-week3-PASSING_AND_PASSING,9,6,15
330360930,INRIA/spoon,19/08/18 17:14,spirals-bears,37882099-5e5d-4fae-9744-50be0382c1aa_01-18-week3-PASSING_AND_PASSING,10,5,15
330353687,INRIA/spoon,19/08/18 17:14,spirals-bears,37882099-5e5d-4fae-9744-50be0382c1aa_01-18-week3-PASSING_AND_PASSING,9,5,14
328196939,INRIA/spoon,19/08/18 17:15,spirals-bears,37882099-5e5d-4fae-9744-50be0382c1aa_01-18-week3-PASSING_AND_PASSING,9,7,16
329338347,INRIA/spoon,19/08/18 17:16,spirals-bears,37882099-5e5d-4fae-9744-50be0382c1aa_01-18-week3-PASSING_AND_PASSING,11,0,1,5,46,4,67
329187960,JMRI/JMRI,19/08/18 17:20,spirals-bears,37882099-5e5d-4fae-9744-50be0382c1aa_01-18-week3-PASSING_AND_PASSING,10,0,1,1374,0,142,0,2,2,81,1,272,59,165,2109
328105315,INRIA/spoon,19/08/18 17:21,spirals-bears,37882099-5e5d-4fae-9744-50be0382c1aa_01-18-week3-PASSING_AND_PASSING,9,0,0,0,42,0,51
330722807,EnMasseProject/enmasse,19/08/18 17:21,spirals-bears,37882099-5e5d-4fae-9744-50be0382c1aa_01-18-week3-PASSING_AND_PASSING,26,0,26
329045124,JMRI/JMRI,19/08/18 17:22,spirals-bears,37882099-5e5d-4fae-9744-50be0382c1aa_01-18-week3-PASSING_AND_PASSING,259,0,1369,0,5,167,3,7,1810
330347234,EnMasseProject/enmasse,19/08/18 17:27,spirals-bears,37882099-5e5d-4fae-9744-50be0382c1aa_01-18-week3-PASSING_AND_PASSING,26,0,144,1,1,75,0,0,247
330332184,EnMasseProject/enmasse,19/08/18 17:27,spirals-bears,37882099-5e5d-4fae-9744-50be0382c1aa_01-18-week3-PASSING_AND_PASSING,27,2,29
330332164,EnMasseProject/enmasse,19/08/18 17:28,spirals-bears,37882099-5e5d-4fae-9744-50be0382c1aa_01-18-week3-PASSING_AND_PASSING,25,0,25
328887316,JMRI/JMRI,19/08/18 17:29,spirals-bears,37882099-5e5d-4fae-9744-50be0382c1aa_01-18-week3-PASSING_AND_PASSING,278,0,1348,0,7,171,2,7,1813
330435098,EnMasseProject/enmasse,19/08/18 17:30,spirals-bears,37882099-5e5d-4fae-9744-50be0382c1aa_01-18-week3-PASSING_AND_PASSING,6,16,0,0,10,140,0,1,12,0,144,0,0,0,33,0,26,13,10,77,488
329423034,EnMasseProject/enmasse,19/08/18 17:32,spirals-bears,37882099-5e5d-4fae-9744-50be0382c1aa_01-18-week3-PASSING_AND_PASSING,27,0,2,6,74,4,113
329354026,EnMasseProject/enmasse,19/08/18 17:32,spirals-bears,37882099-5e5d-4fae-9744-50be0382c1aa_01-18-week3-PASSING_AND_PASSING,27,0,1,1,75,0,104
329630688,INRIA/spoon,19/08/18 17:32,spirals-bears,37882099-5e5d-4fae-9744-50be0382c1aa_01-18-week3-PASSING_AND_PASSING,8,0,0,397,0,0,4,0,425,0,0,31,0,10,5,60,940
330318339,EnMasseProject/enmasse,19/08/18 17:32,spirals-bears,37882099-5e5d-4fae-9744-50be0382c1aa_01-18-week3-PASSING_AND_PASSING,27,0,143,1,1,83,0,1,256
328302116,EnMasseProject/enmasse,19/08/18 17:33,spirals-bears,37882099-5e5d-4fae-9744-50be0382c1aa_01-18-week3-PASSING_AND_PASSING,29,2,31
328302005,EnMasseProject/enmasse,19/08/18 17:34,spirals-bears,37882099-5e5d-4fae-9744-50be0382c1aa_01-18-week3-PASSING_AND_PASSING,31,0,31
328141560,EnMasseProject/enmasse,19/08/18 17:35,spirals-bears,37882099-5e5d-4fae-9744-50be0382c1aa_01-18-week3-PASSING_AND_PASSING,28,0,1,4,4,37
329136305,EnMasseProject/enmasse,19/08/18 17:35,spirals-bears,37882099-5e5d-4fae-9744-50be0382c1aa_01-18-week3-PASSING_AND_PASSING,28,0,2,0,1,31
329405973,EnMasseProject/enmasse,19/08/18 17:36,spirals-bears,37882099-5e5d-4fae-9744-50be0382c1aa_01-18-week3-PASSING_AND_PASSING,29,0,154,2,1,82,0,0,268
329004615,EnMasseProject/enmasse,19/08/18 17:37,spirals-bears,37882099-5e5d-4fae-9744-50be0382c1aa_01-18-week3-PASSING_AND_PASSING,28,0,1,1,35,0,65
329408157,EnMasseProject/enmasse,19/08/18 17:37,spirals-bears,37882099-5e5d-4fae-9744-50be0382c1aa_01-18-week3-PASSING_AND_PASSING,34,0,148,2,5,90,0,5,284
327533434,EnMasseProject/enmasse,19/08/18 17:37,spirals-bears,37882099-5e5d-4fae-9744-50be0382c1aa_01-18-week3-PASSING_AND_PASSING,27,3,30
329403806,EnMasseProject/enmasse,19/08/18 17:37,spirals-bears,37882099-5e5d-4fae-9744-50be0382c1aa_01-18-week3-PASSING_AND_PASSING,30,0,155,2,1,90,0,2,280
327533409,EnMasseProject/enmasse,19/08/18 17:37,spirals-bears,37882099-5e5d-4fae-9744-50be0382c1aa_01-18-week3-PASSING_AND_PASSING,33,0,33
327103225,EnMasseProject/enmasse,19/08/18 17:37,spirals-bears,37882099-5e5d-4fae-9744-50be0382c1aa_01-18-week3-PASSING_AND_PASSING,33,3,36
327103217,EnMasseProject/enmasse,19/08/18 17:38,spirals-bears,37882099-5e5d-4fae-9744-50be0382c1aa_01-18-week3-PASSING_AND_PASSING,32,0,32
329003819,EnMasseProject/enmasse,19/08/18 17:38,spirals-bears,37882099-5e5d-4fae-9744-50be0382c1aa_01-18-week3-PASSING_AND_PASSING,33,0,2,1,34,1,71
331087189,batfish/batfish,19/08/18 17:39,spirals-bears,37882099-5e5d-4fae-9744-50be0382c1aa_01-18-week3-PASSING_AND_PASSING,61,3,64
330184206,batfish/batfish,19/08/18 17:39,spirals-bears,37882099-5e5d-4fae-9744-50be0382c1aa_01-18-week3-PASSING_AND_PASSING,50,3,53
328949148,EnMasseProject/enmasse,19/08/18 17:39,spirals-bears,37882099-5e5d-4fae-9744-50be0382c1aa_01-18-week3-PASSING_AND_PASSING,29,0,1,1,68,0,99
326512676,batfish/batfish,19/08/18 17:40,spirals-bears,37882099-5e5d-4fae-9744-50be0382c1aa_01-18-week3-PASSING_AND_PASSING,51,0,51
328482541,batfish/batfish,19/08/18 17:40,spirals-bears,37882099-5e5d-4fae-9744-50be0382c1aa_01-18-week3-PASSING_AND_PASSING,54,0,54
330267519,batfish/batfish,19/08/18 17:42,spirals-bears,37882099-5e5d-4fae-9744-50be0382c1aa_01-18-week3-PASSING_AND_PASSING,59,0,1,0,154,1,215
308901648,matsim-org/matsim,19/08/18 17:46,spirals-bears,37882099-5e5d-4fae-9744-50be0382c1aa_01-18-week3-PASSING_AND_PASSING,151,0,0,1,67,1,220
331080091,apache/incubator-servicecomb-java-chassis,19/08/18 17:47,spirals-bears,37882099-5e5d-4fae-9744-50be0382c1aa_01-18-week3-PASSING_AND_PASSING,9,2,5,0,27,1,44
318446670,matsim-org/matsim,19/08/18 17:53,spirals-bears,37882099-5e5d-4fae-9744-50be0382c1aa_01-18-week3-PASSING_AND_PASSING,168,0,0,2,630,3,803
330825784,apache/incubator-servicecomb-java-chassis,19/08/18 17:55,spirals-bears,37882099-5e5d-4fae-9744-50be0382c1aa_01-18-week3-PASSING_AND_PASSING,9,1,5,0,39,1,55
330826674,apache/incubator-servicecomb-java-chassis,19/08/18 17:57,spirals-bears,37882099-5e5d-4fae-9744-50be0382c1aa_01-18-week3-PASSING_AND_PASSING,11,2,1,0,6,59,0,5,4,1,280,0,0,0,94,0,9,2,3,126,603
330254210,apache/incubator-servicecomb-java-chassis,19/08/18 17:58,spirals-bears,37882099-5e5d-4fae-9744-50be0382c1aa_01-18-week3-PASSING_AND_PASSING,9,4,13
330253315,apache/incubator-servicecomb-java-chassis,19/08/18 17:58,spirals-bears,37882099-5e5d-4fae-9744-50be0382c1aa_01-18-week3-PASSING_AND_PASSING,9,3,12
330215399,apache/incubator-servicecomb-java-chassis,19/08/18 17:58,spirals-bears,37882099-5e5d-4fae-9744-50be0382c1aa_01-18-week3-PASSING_AND_PASSING,9,2,11
329961263,apache/incubator-servicecomb-java-chassis,19/08/18 17:59,spirals-bears,37882099-5e5d-4fae-9744-50be0382c1aa_01-18-week3-PASSING_AND_PASSING,9,3,12
329718433,apache/incubator-servicecomb-java-chassis,19/08/18 17:59,spirals-bears,37882099-5e5d-4fae-9744-50be0382c1aa_01-18-week3-PASSING_AND_PASSING,10,3,13
329391034,apache/incubator-servicecomb-java-chassis,19/08/18 18:00,spirals-bears,37882099-5e5d-4fae-9744-50be0382c1aa_01-18-week3-PASSING_AND_PASSING,9,6,15
328019827,apache/incubator-servicecomb-java-chassis,19/08/18 18:00,spirals-bears,37882099-5e5d-4fae-9744-50be0382c1aa_01-18-week3-PASSING_AND_PASSING,10,4,14
331244910,runelite/runelite,19/08/18 18:00,spirals-bears,37882099-5e5d-4fae-9744-50be0382c1aa_01-18-week3-PASSING_AND_PASSING,11,0,11
331337265,runelite/runelite,19/08/18 18:01,spirals-bears,37882099-5e5d-4fae-9744-50be0382c1aa_01-18-week3-PASSING_AND_PASSING,12,0,12
331243873,runelite/runelite,19/08/18 18:01,spirals-bears,37882099-5e5d-4fae-9744-50be0382c1aa_01-18-week3-PASSING_AND_PASSING,11,0,11
331238746,runelite/runelite,19/08/18 18:01,spirals-bears,37882099-5e5d-4fae-9744-50be0382c1aa_01-18-week3-PASSING_AND_PASSING,11,0,11
331205385,runelite/runelite,19/08/18 18:02,spirals-bears,37882099-5e5d-4fae-9744-50be0382c1aa_01-18-week3-PASSING_AND_PASSING,10,0,10
330676446,apache/incubator-servicecomb-java-chassis,19/08/18 18:02,spirals-bears,37882099-5e5d-4fae-9744-50be0382c1aa_01-18-week3-PASSING_AND_PASSING,9,1,303,5,0,125,1,1,445
331091224,runelite/runelite,19/08/18 18:03,spirals-bears,37882099-5e5d-4fae-9744-50be0382c1aa_01-18-week3-PASSING_AND_PASSING,11,0,11
331077180,runelite/runelite,19/08/18 18:03,spirals-bears,37882099-5e5d-4fae-9744-50be0382c1aa_01-18-week3-PASSING_AND_PASSING,11,0,11
331059653,runelite/runelite,19/08/18 18:03,spirals-bears,37882099-5e5d-4fae-9744-50be0382c1aa_01-18-week3-PASSING_AND_PASSING,12,0,12
330833854,runelite/runelite,19/08/18 18:04,spirals-bears,37882099-5e5d-4fae-9744-50be0382c1aa_01-18-week3-PASSING_AND_PASSING,12,0,12
330385891,runelite/runelite,19/08/18 18:04,spirals-bears,37882099-5e5d-4fae-9744-50be0382c1aa_01-18-week3-PASSING_AND_PASSING,13,0,13
329844756,runelite/runelite,19/08/18 18:04,spirals-bears,37882099-5e5d-4fae-9744-50be0382c1aa_01-18-week3-PASSING_AND_PASSING,10,0,10
320229783,runelite/runelite,19/08/18 18:05,spirals-bears,37882099-5e5d-4fae-9744-50be0382c1aa_01-18-week3-PASSING_AND_PASSING,13,13,26
329372351,runelite/runelite,19/08/18 18:05,spirals-bears,37882099-5e5d-4fae-9744-50be0382c1aa_01-18-week3-PASSING_AND_PASSING,12,0,12
329177520,runelite/runelite,19/08/18 18:06,spirals-bears,37882099-5e5d-4fae-9744-50be0382c1aa_01-18-week3-PASSING_AND_PASSING,11,0,11
327995941,runelite/runelite,19/08/18 18:07,spirals-bears,37882099-5e5d-4fae-9744-50be0382c1aa_01-18-week3-PASSING_AND_PASSING,10,0,0,5,245,23,283
328879499,runelite/runelite,19/08/18 18:07,spirals-bears,37882099-5e5d-4fae-9744-50be0382c1aa_01-18-week3-PASSING_AND_PASSING,12,0,12
328891970,runelite/runelite,19/08/18 18:07,spirals-bears,37882099-5e5d-4fae-9744-50be0382c1aa_01-18-week3-PASSING_AND_PASSING,11,0,11
327986333,runelite/runelite,19/08/18 18:08,spirals-bears,37882099-5e5d-4fae-9744-50be0382c1aa_01-18-week3-PASSING_AND_PASSING,11,25,36
328885570,runelite/runelite,19/08/18 18:08,spirals-bears,37882099-5e5d-4fae-9744-50be0382c1aa_01-18-week3-PASSING_AND_PASSING,11,0,11
328952542,runelite/runelite,19/08/18 18:09,spirals-bears,37882099-5e5d-4fae-9744-50be0382c1aa_01-18-week3-PASSING_AND_PASSING,11,0,11
328848663,runelite/runelite,19/08/18 18:09,spirals-bears,37882099-5e5d-4fae-9744-50be0382c1aa_01-18-week3-PASSING_AND_PASSING,12,0,12
328681966,runelite/runelite,19/08/18 18:09,spirals-bears,37882099-5e5d-4fae-9744-50be0382c1aa_01-18-week3-PASSING_AND_PASSING,10,0,10
329473100,matsim-org/matsim,19/08/18 18:10,spirals-bears,37882099-5e5d-4fae-9744-50be0382c1aa_01-18-week3-PASSING_AND_PASSING,181,0,0,1,1588,3,1773
328889491,runelite/runelite,19/08/18 18:10,spirals-bears,37882099-5e5d-4fae-9744-50be0382c1aa_01-18-week3-PASSING_AND_PASSING,12,0,12
328884860,runelite/runelite,19/08/18 18:10,spirals-bears,37882099-5e5d-4fae-9744-50be0382c1aa_01-18-week3-PASSING_AND_PASSING,12,0,12
328763740,runelite/runelite,19/08/18 18:10,spirals-bears,37882099-5e5d-4fae-9744-50be0382c1aa_01-18-week3-PASSING_AND_PASSING,12,0,12
326528354,runelite/runelite,19/08/18 18:11,spirals-bears,37882099-5e5d-4fae-9744-50be0382c1aa_01-18-week3-PASSING_AND_PASSING,13,0,0,5,238,25,281
326756036,matsim-org/matsim,19/08/18 18:11,spirals-bears,37882099-5e5d-4fae-9744-50be0382c1aa_01-18-week3-PASSING_AND_PASSING,273,0,1,1,1611,2,1888
331066883,CorfuDB/CorfuDB,19/08/18 18:15,spirals-bears,37882099-5e5d-4fae-9744-50be0382c1aa_01-18-week3-PASSING_AND_PASSING,254,3,257
331066817,CorfuDB/CorfuDB,19/08/18 18:15,spirals-bears,37882099-5e5d-4fae-9744-50be0382c1aa_01-18-week3-PASSING_AND_PASSING,246,0,246
331047142,CorfuDB/CorfuDB,19/08/18 18:15,spirals-bears,37882099-5e5d-4fae-9744-50be0382c1aa_01-18-week3-PASSING_AND_PASSING,248,0,248
331076047,CorfuDB/CorfuDB,19/08/18 18:17,spirals-bears,37882099-5e5d-4fae-9744-50be0382c1aa_01-18-week3-PASSING_AND_PASSING,251,0,0,0,149,0,400
331053538,CorfuDB/CorfuDB,19/08/18 18:19,spirals-bears,37882099-5e5d-4fae-9744-50be0382c1aa_01-18-week3-PASSING_AND_PASSING,252,3,255
331054581,CorfuDB/CorfuDB,19/08/18 18:19,spirals-bears,37882099-5e5d-4fae-9744-50be0382c1aa_01-18-week3-PASSING_AND_PASSING,246,0,246
330614848,CorfuDB/CorfuDB,19/08/18 18:20,spirals-bears,37882099-5e5d-4fae-9744-50be0382c1aa_01-18-week3-PASSING_AND_PASSING,248,0,248
331045366,CorfuDB/CorfuDB,19/08/18 18:21,spirals-bears,37882099-5e5d-4fae-9744-50be0382c1aa_01-18-week3-PASSING_AND_PASSING,253,0,253
330645208,CorfuDB/CorfuDB,19/08/18 18:23,spirals-bears,37882099-5e5d-4fae-9744-50be0382c1aa_01-18-week3-PASSING_AND_PASSING,240,5,245
330640639,CorfuDB/CorfuDB,19/08/18 18:26,spirals-bears,37882099-5e5d-4fae-9744-50be0382c1aa_01-18-week3-PASSING_AND_PASSING,248,0,248
330670585,CorfuDB/CorfuDB,19/08/18 18:26,spirals-bears,37882099-5e5d-4fae-9744-50be0382c1aa_01-18-week3-PASSING_AND_PASSING,269,0,0,0,158,0,427
330129731,CorfuDB/CorfuDB,19/08/18 18:27,spirals-bears,37882099-5e5d-4fae-9744-50be0382c1aa_01-18-week3-PASSING_AND_PASSING,262,0,0,0,162,0,424
330640644,CorfuDB/CorfuDB,19/08/18 18:28,spirals-bears,37882099-5e5d-4fae-9744-50be0382c1aa_01-18-week3-PASSING_AND_PASSING,261,3,264
330630855,CorfuDB/CorfuDB,19/08/18 18:30,spirals-bears,37882099-5e5d-4fae-9744-50be0382c1aa_01-18-week3-PASSING_AND_PASSING,262,0,262
330630859,CorfuDB/CorfuDB,19/08/18 18:31,spirals-bears,37882099-5e5d-4fae-9744-50be0382c1aa_01-18-week3-PASSING_AND_PASSING,244,3,247
330632143,CorfuDB/CorfuDB,19/08/18 18:32,spirals-bears,37882099-5e5d-4fae-9744-50be0382c1aa_01-18-week3-PASSING_AND_PASSING,315,3,318
330614928,CorfuDB/CorfuDB,19/08/18 18:33,spirals-bears,37882099-5e5d-4fae-9744-50be0382c1aa_01-18-week3-PASSING_AND_PASSING,285,0,285
330183490,CorfuDB/CorfuDB,19/08/18 18:34,spirals-bears,37882099-5e5d-4fae-9744-50be0382c1aa_01-18-week3-PASSING_AND_PASSING,253,3,256
330166301,CorfuDB/CorfuDB,19/08/18 18:36,spirals-bears,37882099-5e5d-4fae-9744-50be0382c1aa_01-18-week3-PASSING_AND_PASSING,242,4,246
330206317,CorfuDB/CorfuDB,19/08/18 18:37,spirals-bears,37882099-5e5d-4fae-9744-50be0382c1aa_01-18-week3-PASSING_AND_PASSING,317,0,317
330174243,CorfuDB/CorfuDB,19/08/18 18:37,spirals-bears,37882099-5e5d-4fae-9744-50be0382c1aa_01-18-week3-PASSING_AND_PASSING,241,3,244
330172600,CorfuDB/CorfuDB,19/08/18 18:39,spirals-bears,37882099-5e5d-4fae-9744-50be0382c1aa_01-18-week3-PASSING_AND_PASSING,246,0,246
329755694,CorfuDB/CorfuDB,19/08/18 18:40,spirals-bears,37882099-5e5d-4fae-9744-50be0382c1aa_01-18-week3-PASSING_AND_PASSING,248,4,252
329814579,CorfuDB/CorfuDB,19/08/18 18:41,spirals-bears,37882099-5e5d-4fae-9744-50be0382c1aa_01-18-week3-PASSING_AND_PASSING,244,0,2,5,3,254
330046737,CorfuDB/CorfuDB,19/08/18 18:43,spirals-bears,37882099-5e5d-4fae-9744-50be0382c1aa_01-18-week3-PASSING_AND_PASSING,270,0,0,0,100,0,370
330086360,CorfuDB/CorfuDB,19/08/18 18:44,spirals-bears,37882099-5e5d-4fae-9744-50be0382c1aa_01-18-week3-PASSING_AND_PASSING,285,0,0,0,0,285
330031200,CorfuDB/CorfuDB,19/08/18 18:45,spirals-bears,37882099-5e5d-4fae-9744-50be0382c1aa_01-18-week3-PASSING_AND_PASSING,255,3,258
328253044,CorfuDB/CorfuDB,19/08/18 18:47,spirals-bears,37882099-5e5d-4fae-9744-50be0382c1aa_01-18-week3-PASSING_AND_PASSING,242,5,247
329810973,CorfuDB/CorfuDB,19/08/18 18:48,spirals-bears,37882099-5e5d-4fae-9744-50be0382c1aa_01-18-week3-PASSING_AND_PASSING,241,3,244
329788769,CorfuDB/CorfuDB,19/08/18 18:49,spirals-bears,37882099-5e5d-4fae-9744-50be0382c1aa_01-18-week3-PASSING_AND_PASSING,255,3,258
328141272,apache/calcite,19/08/18 18:50,spirals-bears,37882099-5e5d-4fae-9744-50be0382c1aa_01-18-week3-PASSING_AND_PASSING,20,4,24
329788411,CorfuDB/CorfuDB,19/08/18 18:52,spirals-bears,37882099-5e5d-4fae-9744-50be0382c1aa_01-18-week3-PASSING_AND_PASSING,261,0,261
331086363,linkedin/pinot,19/08/18 18:56,spirals-bears,37882099-5e5d-4fae-9744-50be0382c1aa_01-18-week3-PASSING_AND_PASSING,56,0,0,1,204,2,263
329788874,CorfuDB/CorfuDB,19/08/18 19:00,spirals-bears,37882099-5e5d-4fae-9744-50be0382c1aa_01-18-week3-PASSING_AND_PASSING,296,0,625,0,0,190,0,0,1111
330627025,linkedin/pinot,19/08/18 19:01,spirals-bears,37882099-5e5d-4fae-9744-50be0382c1aa_01-18-week3-PASSING_AND_PASSING,43,6,49
330648777,linkedin/pinot,19/08/18 19:02,spirals-bears,37882099-5e5d-4fae-9744-50be0382c1aa_01-18-week3-PASSING_AND_PASSING,33,0,0,4,10,47
330645912,linkedin/pinot,19/08/18 19:03,spirals-bears,37882099-5e5d-4fae-9744-50be0382c1aa_01-18-week3-PASSING_AND_PASSING,37,7,44
327969229,apache/calcite,19/08/18 19:11,spirals-bears,37882099-5e5d-4fae-9744-50be0382c1aa_01-18-week3-PASSING_AND_PASSING,7,7,0,0,7,480,0,0,4,0,606,0,1,0,77,0,20,3,6,124,1342
330183262,linkedin/pinot,19/08/18 19:11,spirals-bears,37882099-5e5d-4fae-9744-50be0382c1aa_01-18-week3-PASSING_AND_PASSING,35,8,43
330163707,linkedin/pinot,19/08/18 19:12,spirals-bears,37882099-5e5d-4fae-9744-50be0382c1aa_01-18-week3-PASSING_AND_PASSING,34,7,41
330162999,linkedin/pinot,19/08/18 19:13,spirals-bears,37882099-5e5d-4fae-9744-50be0382c1aa_01-18-week3-PASSING_AND_PASSING,36,6,42
328378508,apache/storm,19/08/18 19:21,spirals-bears,37882099-5e5d-4fae-9744-50be0382c1aa_01-18-week3-PASSING_AND_PASSING,10,0,0,65,0,2,14,0,515,0,0,518,0,72,20,659,1875
330989879,linkedin/pinot,19/08/18 20:00,spirals-bears,37882099-5e5d-4fae-9744-50be0382c1aa_01-18-week3-PASSING_AND_PASSING,38,0,3313,0,1,455,1,3,3811
330014201,linkedin/pinot,19/08/18 20:01,spirals-bears,37882099-5e5d-4fae-9744-50be0382c1aa_01-18-week3-PASSING_AND_PASSING,35,3,38
330520854,linkedin/pinot,19/08/18 20:07,spirals-bears,37882099-5e5d-4fae-9744-50be0382c1aa_01-18-week3-PASSING_AND_PASSING,43,0,3322,11,1,428,0,4,3809
329675228,linkedin/pinot,19/08/18 20:08,spirals-bears,37882099-5e5d-4fae-9744-50be0382c1aa_01-18-week3-PASSING_AND_PASSING,39,3,42
328359954,linkedin/pinot,19/08/18 20:08,spirals-bears,37882099-5e5d-4fae-9744-50be0382c1aa_01-18-week3-PASSING_AND_PASSING,32,9,41
330005329,linkedin/pinot,19/08/18 20:13,spirals-bears,37882099-5e5d-4fae-9744-50be0382c1aa_01-18-week3-PASSING_AND_PASSING,36,0,0,2,200,4,242
330000288,linkedin/pinot,19/08/18 20:17,spirals-bears,37882099-5e5d-4fae-9744-50be0382c1aa_01-18-week3-PASSING_AND_PASSING,36,0,0,1,198,1,236
330142990,linkedin/pinot,19/08/18 20:18,spirals-bears,37882099-5e5d-4fae-9744-50be0382c1aa_01-18-week3-PASSING_AND_PASSING,41,0,3383,0,1,421,1,3,3850
326566540,linkedin/pinot,19/08/18 20:18,spirals-bears,37882099-5e5d-4fae-9744-50be0382c1aa_01-18-week3-PASSING_AND_PASSING,38,5,43
330093346,linkedin/pinot,19/08/18 20:30,spirals-bears,37882099-5e5d-4fae-9744-50be0382c1aa_01-18-week3-PASSING_AND_PASSING,37,0,3614,0,1,415,0,2,4069
329299211,linkedin/pinot,19/08/18 20:31,spirals-bears,37882099-5e5d-4fae-9744-50be0382c1aa_01-18-week3-PASSING_AND_PASSING,40,5,45
328943235,linkedin/pinot,19/08/18 20:31,spirals-bears,37882099-5e5d-4fae-9744-50be0382c1aa_01-18-week3-PASSING_AND_PASSING,39,3,42
328813290,linkedin/pinot,19/08/18 20:32,spirals-bears,37882099-5e5d-4fae-9744-50be0382c1aa_01-18-week3-PASSING_AND_PASSING,39,3,42
327448686,Azure/azure-libraries-for-java,19/08/18 20:35,spirals-bears,37882099-5e5d-4fae-9744-50be0382c1aa_01-18-week3-PASSING_AND_PASSING,73,0,1,6,54,11,145
320359613,Azure/azure-libraries-for-java,19/08/18 20:37,spirals-bears,37882099-5e5d-4fae-9744-50be0382c1aa_01-18-week3-PASSING_AND_PASSING,65,0,1,6,9,14,95
329653070,linkedin/pinot,19/08/18 20:38,spirals-bears,37882099-5e5d-4fae-9744-50be0382c1aa_01-18-week3-PASSING_AND_PASSING,36,0,709,0,1,417,1,1164
330671325,graphhopper/graphhopper,19/08/18 20:41,spirals-bears,37882099-5e5d-4fae-9744-50be0382c1aa_01-18-week3-PASSING_AND_PASSING,18,0,106,0,5,131,0,7,267
317058125,HubSpot/Singularity,19/08/18 20:42,spirals-bears,37882099-5e5d-4fae-9744-50be0382c1aa_01-18-week3-PASSING_AND_PASSING,18,0,1,5,160,5,189
330064864,HubSpot/Singularity,19/08/18 20:45,spirals-bears,37882099-5e5d-4fae-9744-50be0382c1aa_01-18-week3-PASSING_AND_PASSING,17,0,1,0,162,0,180
330065066,HubSpot/Singularity,19/08/18 20:45,spirals-bears,37882099-5e5d-4fae-9744-50be0382c1aa_01-18-week3-PASSING_AND_PASSING,17,0,1,0,157,0,175
329911533,HubSpot/Singularity,19/08/18 20:48,spirals-bears,37882099-5e5d-4fae-9744-50be0382c1aa_01-18-week3-PASSING_AND_PASSING,17,0,1,0,157,0,175
330034625,HubSpot/Singularity,19/08/18 20:48,spirals-bears,37882099-5e5d-4fae-9744-50be0382c1aa_01-18-week3-PASSING_AND_PASSING,17,0,1,0,158,0,176
326896774,HubSpot/Singularity,19/08/18 20:51,spirals-bears,37882099-5e5d-4fae-9744-50be0382c1aa_01-18-week3-PASSING_AND_PASSING,18,0,2,0,146,0,166
330065560,linkedin/pinot,19/08/18 21:04,spirals-bears,37882099-5e5d-4fae-9744-50be0382c1aa_01-18-week3-PASSING_AND_PASSING,33,0,3315,0,1,440,1,2,3792
330061937,magefree/mage,19/08/18 21:05,spirals-bears,37882099-5e5d-4fae-9744-50be0382c1aa_01-18-week3-PASSING_AND_PASSING,8,0,3,208,0,0,27,0,180,9,1,32,4,184,22,327,1005
330060977,magefree/mage,19/08/18 21:08,spirals-bears,37882099-5e5d-4fae-9744-50be0382c1aa_01-18-week3-PASSING_AND_PASSING,12,0,3,205,0,1,31,0,173,10,1,35,5,164,25,328,993
330392990,molgenis/molgenis,19/08/18 21:12,spirals-bears,37882099-5e5d-4fae-9744-50be0382c1aa_01-18-week3-PASSING_AND_PASSING,38,0,2,1,195,1,237
330335151,molgenis/molgenis,19/08/18 21:17,spirals-bears,37882099-5e5d-4fae-9744-50be0382c1aa_01-18-week3-PASSING_AND_PASSING,73,0,1,6,180,9,269
329985124,linkedin/pinot,19/08/18 21:20,spirals-bears,37882099-5e5d-4fae-9744-50be0382c1aa_01-18-week3-PASSING_AND_PASSING,39,0,3325,0,1,423,0,1,3789
329404472,magefree/mage,19/08/18 21:21,spirals-bears,37882099-5e5d-4fae-9744-50be0382c1aa_01-18-week3-PASSING_AND_PASSING,8,0,0,196,0,1,30,0,173,2,1,26,0,177,23,321,958
330255284,molgenis/molgenis,19/08/18 21:21,spirals-bears,37882099-5e5d-4fae-9744-50be0382c1aa_01-18-week3-PASSING_AND_PASSING,40,0,1,5,11,57
329440330,molgenis/molgenis,19/08/18 21:22,spirals-bears,37882099-5e5d-4fae-9744-50be0382c1aa_01-18-week3-PASSING_AND_PASSING,37,7,44
329105181,magefree/mage,19/08/18 21:23,spirals-bears,37882099-5e5d-4fae-9744-50be0382c1aa_01-18-week3-PASSING_AND_PASSING,8,0,0,167,1,1,28,0,173,1,1,23,0,280,26,324,1033
330258375,molgenis/molgenis,19/08/18 21:23,spirals-bears,37882099-5e5d-4fae-9744-50be0382c1aa_01-18-week3-PASSING_AND_PASSING,40,0,1,1,335,1,378
329075565,molgenis/molgenis,19/08/18 21:24,spirals-bears,37882099-5e5d-4fae-9744-50be0382c1aa_01-18-week3-PASSING_AND_PASSING,69,0,1,1,30,1,102
328118715,molgenis/molgenis,19/08/18 21:25,spirals-bears,37882099-5e5d-4fae-9744-50be0382c1aa_01-18-week3-PASSING_AND_PASSING,41,10,51
329075574,molgenis/molgenis,19/08/18 21:25,spirals-bears,37882099-5e5d-4fae-9744-50be0382c1aa_01-18-week3-PASSING_AND_PASSING,41,0,1,8,32,7,89
329344990,molgenis/molgenis,19/08/18 21:26,spirals-bears,37882099-5e5d-4fae-9744-50be0382c1aa_01-18-week3-PASSING_AND_PASSING,41,0,2,1,33,1,78
320143843,molgenis/molgenis,19/08/18 21:28,spirals-bears,37882099-5e5d-4fae-9744-50be0382c1aa_01-18-week3-PASSING_AND_PASSING,41,0,1,8,53,5,108
326262610,molgenis/molgenis,19/08/18 21:30,spirals-bears,37882099-5e5d-4fae-9744-50be0382c1aa_01-18-week3-PASSING_AND_PASSING,39,0,1,1,52,1,94
329889447,molgenis/molgenis,19/08/18 21:31,spirals-bears,37882099-5e5d-4fae-9744-50be0382c1aa_01-18-week3-PASSING_AND_PASSING,43,0,1,0,508,2,554
328119821,molgenis/molgenis,19/08/18 21:31,spirals-bears,37882099-5e5d-4fae-9744-50be0382c1aa_01-18-week3-PASSING_AND_PASSING,45,0,1,6,10,62
328999270,algolia/algoliasearch-client-java-2,19/08/18 21:31,spirals-bears,37882099-5e5d-4fae-9744-50be0382c1aa_01-18-week3-PASSING_AND_PASSING,4,2,6
331563514,StuPro-TOSCAna/TOSCAna,19/08/18 21:32,spirals-bears,37882099-5e5d-4fae-9744-50be0382c1aa_01-18-week3-PASSING_AND_PASSING,28,2,30
331563502,StuPro-TOSCAna/TOSCAna,19/08/18 21:32,spirals-bears,37882099-5e5d-4fae-9744-50be0382c1aa_01-18-week3-PASSING_AND_PASSING,15,0,15
329070754,molgenis/molgenis,19/08/18 21:33,spirals-bears,37882099-5e5d-4fae-9744-50be0382c1aa_01-18-week3-PASSING_AND_PASSING,61,0,1,1,377,1,441
331446836,StuPro-TOSCAna/TOSCAna,19/08/18 21:33,spirals-bears,37882099-5e5d-4fae-9744-50be0382c1aa_01-18-week3-PASSING_AND_PASSING,17,0,17
331446859,StuPro-TOSCAna/TOSCAna,19/08/18 21:34,spirals-bears,37882099-5e5d-4fae-9744-50be0382c1aa_01-18-week3-PASSING_AND_PASSING,17,2,19
325142954,visallo/vertexium,19/08/18 21:34,spirals-bears,37882099-5e5d-4fae-9744-50be0382c1aa_01-18-week3-PASSING_AND_PASSING,8,0,11,0,0,160,0,0,179
329082934,molgenis/molgenis,19/08/18 21:34,spirals-bears,37882099-5e5d-4fae-9744-50be0382c1aa_01-18-week3-PASSING_AND_PASSING,42,0,1,3,527,2,575
331212117,StuPro-TOSCAna/TOSCAna,19/08/18 21:35,spirals-bears,37882099-5e5d-4fae-9744-50be0382c1aa_01-18-week3-PASSING_AND_PASSING,18,0,18
331411934,StuPro-TOSCAna/TOSCAna,19/08/18 21:35,spirals-bears,37882099-5e5d-4fae-9744-50be0382c1aa_01-18-week3-PASSING_AND_PASSING,18,0,1,0,129,0,148
331221632,StuPro-TOSCAna/TOSCAna,19/08/18 21:35,spirals-bears,37882099-5e5d-4fae-9744-50be0382c1aa_01-18-week3-PASSING_AND_PASSING,18,0,18
331217777,StuPro-TOSCAna/TOSCAna,19/08/18 21:35,spirals-bears,37882099-5e5d-4fae-9744-50be0382c1aa_01-18-week3-PASSING_AND_PASSING,13,4,17
330864115,StuPro-TOSCAna/TOSCAna,19/08/18 21:35,spirals-bears,37882099-5e5d-4fae-9744-50be0382c1aa_01-18-week3-PASSING_AND_PASSING,16,0,16
330820804,StuPro-TOSCAna/TOSCAna,19/08/18 21:36,spirals-bears,37882099-5e5d-4fae-9744-50be0382c1aa_01-18-week3-PASSING_AND_PASSING,21,0,21
329986262,StuPro-TOSCAna/TOSCAna,19/08/18 21:36,spirals-bears,37882099-5e5d-4fae-9744-50be0382c1aa_01-18-week3-PASSING_AND_PASSING,15,2,17
330892056,StuPro-TOSCAna/TOSCAna,19/08/18 21:36,spirals-bears,37882099-5e5d-4fae-9744-50be0382c1aa_01-18-week3-PASSING_AND_PASSING,13,0,2,0,114,0,129
329986228,StuPro-TOSCAna/TOSCAna,19/08/18 21:36,spirals-bears,37882099-5e5d-4fae-9744-50be0382c1aa_01-18-week3-PASSING_AND_PASSING,14,0,14
330464647,StuPro-TOSCAna/TOSCAna,19/08/18 21:36,spirals-bears,37882099-5e5d-4fae-9744-50be0382c1aa_01-18-week3-PASSING_AND_PASSING,19,2,21
330464520,StuPro-TOSCAna/TOSCAna,19/08/18 21:37,spirals-bears,37882099-5e5d-4fae-9744-50be0382c1aa_01-18-week3-PASSING_AND_PASSING,17,0,17
330339095,StuPro-TOSCAna/TOSCAna,19/08/18 21:37,spirals-bears,37882099-5e5d-4fae-9744-50be0382c1aa_01-18-week3-PASSING_AND_PASSING,18,3,21
330339031,StuPro-TOSCAna/TOSCAna,19/08/18 21:37,spirals-bears,37882099-5e5d-4fae-9744-50be0382c1aa_01-18-week3-PASSING_AND_PASSING,18,0,18
328793684,StuPro-TOSCAna/TOSCAna,19/08/18 21:37,spirals-bears,37882099-5e5d-4fae-9744-50be0382c1aa_01-18-week3-PASSING_AND_PASSING,17,2,19
328793668,StuPro-TOSCAna/TOSCAna,19/08/18 21:37,spirals-bears,37882099-5e5d-4fae-9744-50be0382c1aa_01-18-week3-PASSING_AND_PASSING,20,0,20
326849765,StuPro-TOSCAna/TOSCAna,19/08/18 21:37,spirals-bears,37882099-5e5d-4fae-9744-50be0382c1aa_01-18-week3-PASSING_AND_PASSING,15,0,15
330427089,StuPro-TOSCAna/TOSCAna,19/08/18 21:38,spirals-bears,37882099-5e5d-4fae-9744-50be0382c1aa_01-18-week3-PASSING_AND_PASSING,15,0,2,0,116,0,133
326849779,StuPro-TOSCAna/TOSCAna,19/08/18 21:38,spirals-bears,37882099-5e5d-4fae-9744-50be0382c1aa_01-18-week3-PASSING_AND_PASSING,20,2,22
328891806,StuPro-TOSCAna/TOSCAna,19/08/18 21:38,spirals-bears,37882099-5e5d-4fae-9744-50be0382c1aa_01-18-week3-PASSING_AND_PASSING,25,0,25
328891810,StuPro-TOSCAna/TOSCAna,19/08/18 21:38,spirals-bears,37882099-5e5d-4fae-9744-50be0382c1aa_01-18-week3-PASSING_AND_PASSING,17,2,19
328888710,StuPro-TOSCAna/TOSCAna,19/08/18 21:38,spirals-bears,37882099-5e5d-4fae-9744-50be0382c1aa_01-18-week3-PASSING_AND_PASSING,17,2,19
328888700,StuPro-TOSCAna/TOSCAna,19/08/18 21:38,spirals-bears,37882099-5e5d-4fae-9744-50be0382c1aa_01-18-week3-PASSING_AND_PASSING,23,0,23
329821649,languagetool-org/languagetool,19/08/18 21:43,spirals-bears,37882099-5e5d-4fae-9744-50be0382c1aa_01-18-week3-PASSING_AND_PASSING,266,0,0,2,35,2,305
330025007,languagetool-org/languagetool,19/08/18 22:00,spirals-bears,37882099-5e5d-4fae-9744-50be0382c1aa_01-18-week3-PASSING_AND_PASSING,319,0,808,1,1,142,1,3,1275
330386119,languagetool-org/languagetool,19/08/18 22:06,spirals-bears,37882099-5e5d-4fae-9744-50be0382c1aa_01-18-week3-PASSING_AND_PASSING,9,55,0,0,34,197,0,0,43,0,765,0,0,0,83,0,269,36,51,124,1666
330530744,languagetool-org/languagetool,19/08/18 22:07,spirals-bears,37882099-5e5d-4fae-9744-50be0382c1aa_01-18-week3-PASSING_AND_PASSING,22,44,0,0,31,182,0,1,45,0,790,0,0,0,97,0,303,57,42,122,1736
330315637,apache/incubator-dubbo,19/08/18 22:11,spirals-bears,37882099-5e5d-4fae-9744-50be0382c1aa_01-18-week3-PASSING_AND_PASSING,8,0,1,5,216,6,236
329082228,languagetool-org/languagetool,19/08/18 22:12,spirals-bears,37882099-5e5d-4fae-9744-50be0382c1aa_01-18-week3-PASSING_AND_PASSING,10,37,0,0,26,186,0,0,34,0,775,0,0,0,61,0,311,35,36,170,1681
331176642,apache/incubator-dubbo,19/08/18 22:16,spirals-bears,37882099-5e5d-4fae-9744-50be0382c1aa_01-18-week3-PASSING_AND_PASSING,9,0,164,3,0,398,0,1,575
330138825,apache/incubator-dubbo,19/08/18 22:19,spirals-bears,37882099-5e5d-4fae-9744-50be0382c1aa_01-18-week3-PASSING_AND_PASSING,6,0,0,9,0,1,4,0,158,0,0,35,0,8,4,209,434
327552448,apache/incubator-dubbo,19/08/18 22:19,spirals-bears,37882099-5e5d-4fae-9744-50be0382c1aa_01-18-week3-PASSING_AND_PASSING,8,0,8
329027493,apache/incubator-dubbo,19/08/18 22:20,spirals-bears,37882099-5e5d-4fae-9744-50be0382c1aa_01-18-week3-PASSING_AND_PASSING,14,0,4,0,39,1,58
329443848,apache/incubator-dubbo,19/08/18 22:21,spirals-bears,37882099-5e5d-4fae-9744-50be0382c1aa_01-18-week3-PASSING_AND_PASSING,8,0,179,1,0,344,0,1,533
329355311,apache/incubator-dubbo,19/08/18 22:26,spirals-bears,37882099-5e5d-4fae-9744-50be0382c1aa_01-18-week3-PASSING_AND_PASSING,8,4,0,0,6,110,0,1,4,0,151,0,0,0,38,0,9,4,2,255,592
329042718,languagetool-org/languagetool,19/08/18 22:35,spirals-bears,37882099-5e5d-4fae-9744-50be0382c1aa_01-18-week3-PASSING_AND_PASSING,10,37,0,0,26,572,0,2,35,0,781,0,0,1,60,0,296,36,37,168,2061
330041777,ga4gh/dockstore,19/08/18 22:35,spirals-bears,37882099-5e5d-4fae-9744-50be0382c1aa_01-18-week3-PASSING_AND_PASSING,9,2,11
329563661,ga4gh/dockstore,19/08/18 22:35,spirals-bears,37882099-5e5d-4fae-9744-50be0382c1aa_01-18-week3-PASSING_AND_PASSING,8,0,8
328899202,apache/incubator-dubbo,19/08/18 22:35,spirals-bears,37882099-5e5d-4fae-9744-50be0382c1aa_01-18-week3-PASSING_AND_PASSING,10,0,3,157,0,1,3,0,170,5,0,168,5,8,4,335,869
330090215,ga4gh/dockstore,19/08/18 22:36,spirals-bears,37882099-5e5d-4fae-9744-50be0382c1aa_01-18-week3-PASSING_AND_PASSING,9,0,9
329960723,ga4gh/dockstore,19/08/18 22:36,spirals-bears,37882099-5e5d-4fae-9744-50be0382c1aa_01-18-week3-PASSING_AND_PASSING,8,0,8
328268418,ga4gh/dockstore,19/08/18 22:36,spirals-bears,37882099-5e5d-4fae-9744-50be0382c1aa_01-18-week3-PASSING_AND_PASSING,9,0,9
328020187,apache/incubator-dubbo,19/08/18 22:36,spirals-bears,37882099-5e5d-4fae-9744-50be0382c1aa_01-18-week3-PASSING_AND_PASSING,11,0,3,169,0,1,4,0,170,6,0,176,3,8,3,335,889
328020172,apache/incubator-dubbo,19/08/18 22:40,spirals-bears,37882099-5e5d-4fae-9744-50be0382c1aa_01-18-week3-PASSING_AND_PASSING,10,0,0,161,0,1,4,0,146,0,0,149,0,8,5,343,827
330750565,apache/jackrabbit-oak,19/08/18 22:54,spirals-bears,37882099-5e5d-4fae-9744-50be0382c1aa_01-18-week3-PASSING_AND_PASSING,7,0,0,439,2,8,0,0,1,79,0,39,19,464,1058
330381077,apache/jackrabbit-oak,19/08/18 22:54,spirals-bears,37882099-5e5d-4fae-9744-50be0382c1aa_01-18-week3-PASSING_AND_PASSING,11,0,0,444,2,16,0,1,1,70,0,39,13,450,1047
330415477,apache/jackrabbit-oak,19/08/18 22:54,spirals-bears,37882099-5e5d-4fae-9744-50be0382c1aa_01-18-week3-PASSING_AND_PASSING,12,0,0,435,2,17,0,0,1,85,1,36,16,475,1080
329917715,apache/jackrabbit-oak,19/08/18 23:12,spirals-bears,37882099-5e5d-4fae-9744-50be0382c1aa_01-18-week3-PASSING_AND_PASSING,8,0,0,436,2,8,0,0,1,82,0,35,14,469,1055
330352498,apache/jackrabbit-oak,19/08/18 23:33,spirals-bears,37882099-5e5d-4fae-9744-50be0382c1aa_01-18-week3-PASSING_AND_PASSING,7,0,0,593,0,1,18,0,1650,0,1,377,0,34,17,461,3159
328966696,apache/jackrabbit-oak,19/08/18 23:38,spirals-bears,37882099-5e5d-4fae-9744-50be0382c1aa_01-18-week3-PASSING_AND_PASSING,10,0,0,391,1,1,8,0,1721,0,1,175,0,37,11,282,2638
329539068,apache/jackrabbit-oak,19/08/18 23:41,spirals-bears,37882099-5e5d-4fae-9744-50be0382c1aa_01-18-week3-PASSING_AND_PASSING,35,0,2,1,380,2,420
330017797,apache/jackrabbit-oak,19/08/18 23:48,spirals-bears,37882099-5e5d-4fae-9744-50be0382c1aa_01-18-week3-PASSING_AND_PASSING,39,0,1967,1,0,162,1,2,2172
329525246,apache/jackrabbit-oak,19/08/18 23:56,spirals-bears,37882099-5e5d-4fae-9744-50be0382c1aa_01-18-week3-PASSING_AND_PASSING,6,0,0,444,2,9,0,0,0,84,0,35,20,483,1083
330246177,apache/jackrabbit-oak,20/08/18 00:06,spirals-bears,37882099-5e5d-4fae-9744-50be0382c1aa_01-18-week3-PASSING_AND_PASSING,14,0,0,1650,1,2,11,0,1704,0,1,374,0,36,18,449,4260
330832409,dropwizard/metrics,20/08/18 00:06,spirals-bears,37882099-5e5d-4fae-9744-50be0382c1aa_01-18-week3-PASSING_AND_PASSING,6,0,6
330820133,dropwizard/metrics,20/08/18 00:09,spirals-bears,37882099-5e5d-4fae-9744-50be0382c1aa_01-18-week3-PASSING_AND_PASSING,7,3,69,4,0,118,0,0,201
327498652,atomix/atomix,20/08/18 00:12,spirals-bears,37882099-5e5d-4fae-9744-50be0382c1aa_01-18-week3-PASSING_AND_PASSING,10,4,0,0,8,242,0,0,2,0,467,0,0,0,85,0,10,3,2,107,940
328008734,openzipkin/zipkin,20/08/18 00:13,spirals-bears,37882099-5e5d-4fae-9744-50be0382c1aa_01-18-week3-PASSING_AND_PASSING,23,0,23
328006406,openzipkin/zipkin,20/08/18 00:13,spirals-bears,37882099-5e5d-4fae-9744-50be0382c1aa_01-18-week3-PASSING_AND_PASSING,23,2,25
328025328,dropwizard/metrics,20/08/18 00:14,spirals-bears,37882099-5e5d-4fae-9744-50be0382c1aa_01-18-week3-PASSING_AND_PASSING,10,3,0,23,0,5,1,0,18,0,0,69,0,7,1,118,255
330867776,resteasy/Resteasy,20/08/18 00:14,spirals-bears,37882099-5e5d-4fae-9744-50be0382c1aa_01-18-week3-PASSING_AND_PASSING,18,3,6,27
330010302,resteasy/Resteasy,20/08/18 00:14,spirals-bears,37882099-5e5d-4fae-9744-50be0382c1aa_01-18-week3-PASSING_AND_PASSING,18,3,21
329670364,resteasy/Resteasy,20/08/18 00:15,spirals-bears,37882099-5e5d-4fae-9744-50be0382c1aa_01-18-week3-PASSING_AND_PASSING,19,2,2,23
331493910,pgjdbc/pgjdbc,20/08/18 00:18,spirals-bears,37882099-5e5d-4fae-9744-50be0382c1aa_01-18-week3-PASSING_AND_PASSING,10,0,0,41,1,0,3,0,34,0,2,23,0,9,3,42,168
330840100,pgjdbc/pgjdbc,20/08/18 00:18,spirals-bears,37882099-5e5d-4fae-9744-50be0382c1aa_01-18-week3-PASSING_AND_PASSING,10,0,0,38,2,0,4,0,38,0,2,23,0,9,5,42,173
262729005,pgjdbc/pgjdbc,20/08/18 00:18,spirals-bears,37882099-5e5d-4fae-9744-50be0382c1aa_01-18-week3-PASSING_AND_PASSING,9,0,2,4,5,20
330803600,pgjdbc/pgjdbc,20/08/18 00:21,spirals-bears,37882099-5e5d-4fae-9744-50be0382c1aa_01-18-week3-PASSING_AND_PASSING,11,0,0,36,1,0,2,0,34,0,1,22,0,8,3,51,169
330773972,pgjdbc/pgjdbc,20/08/18 00:21,spirals-bears,37882099-5e5d-4fae-9744-50be0382c1aa_01-18-week3-PASSING_AND_PASSING,11,0,0,36,1,0,3,0,32,0,2,14,0,9,3,40,151
329200488,pgjdbc/pgjdbc,20/08/18 00:22,spirals-bears,37882099-5e5d-4fae-9744-50be0382c1aa_01-18-week3-PASSING_AND_PASSING,8,0,2,0,26,0,36
330123278,geoserver/geoserver,20/08/18 00:23,spirals-bears,37882099-5e5d-4fae-9744-50be0382c1aa_01-18-week3-PASSING_AND_PASSING,52,0,1,5,17,75
329963745,geoserver/geoserver,20/08/18 00:30,spirals-bears,37882099-5e5d-4fae-9744-50be0382c1aa_01-18-week3-PASSING_AND_PASSING,53,0,0,2,470,5,530
329896066,geoserver/geoserver,20/08/18 00:38,spirals-bears,37882099-5e5d-4fae-9744-50be0382c1aa_01-18-week3-PASSING_AND_PASSING,51,0,0,2,364,5,422
329131438,geoserver/geoserver,20/08/18 00:45,spirals-bears,37882099-5e5d-4fae-9744-50be0382c1aa_01-18-week3-PASSING_AND_PASSING,57,0,0,3,380,5,445
329902811,geoserver/geoserver,20/08/18 00:51,spirals-bears,37882099-5e5d-4fae-9744-50be0382c1aa_01-18-week3-PASSING_AND_PASSING,13,0,0,435,0,3,32,0,452,1,1,33,0,67,29,558,1624
327728040,geoserver/geoserver,20/08/18 00:52,spirals-bears,37882099-5e5d-4fae-9744-50be0382c1aa_01-18-week3-PASSING_AND_PASSING,55,0,1,2,319,6,383
330779849,aicis/fresco,20/08/18 00:53,spirals-bears,37882099-5e5d-4fae-9744-50be0382c1aa_01-18-week3-PASSING_AND_PASSING,9,0,0,0,46,0,55
329472444,apache/jackrabbit-oak,20/08/18 00:53,spirals-bears,37882099-5e5d-4fae-9744-50be0382c1aa_01-18-week3-PASSING_AND_PASSING,13,0,0,1675,1,2,24,0,1683,1,1,394,1,36,23,486,4340
330779944,aicis/fresco,20/08/18 00:54,spirals-bears,37882099-5e5d-4fae-9744-50be0382c1aa_01-18-week3-PASSING_AND_PASSING,10,0,0,5,50,3,68
327728889,geoserver/geoserver,20/08/18 00:58,spirals-bears,37882099-5e5d-4fae-9744-50be0382c1aa_01-18-week3-PASSING_AND_PASSING,53,0,1,3,340,4,401
330524792,aicis/fresco,20/08/18 00:59,spirals-bears,37882099-5e5d-4fae-9744-50be0382c1aa_01-18-week3-PASSING_AND_PASSING,8,0,0,4,30,4,46
330524704,aicis/fresco,20/08/18 00:59,spirals-bears,37882099-5e5d-4fae-9744-50be0382c1aa_01-18-week3-PASSING_AND_PASSING,8,0,0,0,30,0,38
330422239,aicis/fresco,20/08/18 01:00,spirals-bears,37882099-5e5d-4fae-9744-50be0382c1aa_01-18-week3-PASSING_AND_PASSING,9,0,0,0,42,0,51
330422529,aicis/fresco,20/08/18 01:02,spirals-bears,37882099-5e5d-4fae-9744-50be0382c1aa_01-18-week3-PASSING_AND_PASSING,9,0,0,5,45,3,62
328950852,apache/jackrabbit-oak,20/08/18 01:02,spirals-bears,37882099-5e5d-4fae-9744-50be0382c1aa_01-18-week3-PASSING_AND_PASSING,12,0,0,1741,1,2,14,0,1687,1,1,387,0,38,24,476,4384
330715593,aicis/fresco,20/08/18 01:18,spirals-bears,37882099-5e5d-4fae-9744-50be0382c1aa_01-18-week3-PASSING_AND_PASSING,10,0,1327,0,0,103,0,0,1440
330410930,aicis/fresco,20/08/18 01:19,spirals-bears,37882099-5e5d-4fae-9744-50be0382c1aa_01-18-week3-PASSING_AND_PASSING,8,0,0,5,43,3,59
330715647,aicis/fresco,20/08/18 01:19,spirals-bears,37882099-5e5d-4fae-9744-50be0382c1aa_01-18-week3-PASSING_AND_PASSING,9,0,1336,1,5,95,0,3,1449
330410871,aicis/fresco,20/08/18 01:20,spirals-bears,37882099-5e5d-4fae-9744-50be0382c1aa_01-18-week3-PASSING_AND_PASSING,9,0,0,0,42,0,51
330395174,aicis/fresco,20/08/18 01:20,spirals-bears,37882099-5e5d-4fae-9744-50be0382c1aa_01-18-week3-PASSING_AND_PASSING,8,0,0,4,42,4,58
330395154,aicis/fresco,20/08/18 01:21,spirals-bears,37882099-5e5d-4fae-9744-50be0382c1aa_01-18-week3-PASSING_AND_PASSING,8,0,0,0,41,0,49
330392082,aicis/fresco,20/08/18 01:21,spirals-bears,37882099-5e5d-4fae-9744-50be0382c1aa_01-18-week3-PASSING_AND_PASSING,8,0,0,5,30,4,47
330392036,aicis/fresco,20/08/18 01:22,spirals-bears,37882099-5e5d-4fae-9744-50be0382c1aa_01-18-week3-PASSING_AND_PASSING,8,0,0,0,29,1,38
330385737,aicis/fresco,20/08/18 01:22,spirals-bears,37882099-5e5d-4fae-9744-50be0382c1aa_01-18-week3-PASSING_AND_PASSING,8,0,0,5,41,3,57
330385671,aicis/fresco,20/08/18 01:22,spirals-bears,37882099-5e5d-4fae-9744-50be0382c1aa_01-18-week3-PASSING_AND_PASSING,8,0,0,0,39,0,47
330385003,aicis/fresco,20/08/18 01:24,spirals-bears,37882099-5e5d-4fae-9744-50be0382c1aa_01-18-week3-PASSING_AND_PASSING,8,0,0,5,39,2,54
330415018,aicis/fresco,20/08/18 01:33,spirals-bears,37882099-5e5d-4fae-9744-50be0382c1aa_01-18-week3-PASSING_AND_PASSING,8,3,0,0,7,338,0,0,3,0,1325,0,0,0,38,0,8,4,2,91,1827
330384964,aicis/fresco,20/08/18 01:34,spirals-bears,37882099-5e5d-4fae-9744-50be0382c1aa_01-18-week3-PASSING_AND_PASSING,9,0,0,0,44,0,53
330415054,aicis/fresco,20/08/18 01:34,spirals-bears,37882099-5e5d-4fae-9744-50be0382c1aa_01-18-week3-PASSING_AND_PASSING,9,3,0,2,7,371,0,0,2,0,1393,0,5,0,38,2,9,3,3,93,1940
330354825,aicis/fresco,20/08/18 01:35,spirals-bears,37882099-5e5d-4fae-9744-50be0382c1aa_01-18-week3-PASSING_AND_PASSING,8,0,0,0,45,0,53
330355532,aicis/fresco,20/08/18 01:40,spirals-bears,37882099-5e5d-4fae-9744-50be0382c1aa_01-18-week3-PASSING_AND_PASSING,8,0,951,0,4,75,0,4,1042
330353301,aicis/fresco,20/08/18 01:41,spirals-bears,37882099-5e5d-4fae-9744-50be0382c1aa_01-18-week3-PASSING_AND_PASSING,8,0,958,0,0,79,0,0,1045
330352827,aicis/fresco,20/08/18 01:51,spirals-bears,37882099-5e5d-4fae-9744-50be0382c1aa_01-18-week3-PASSING_AND_PASSING,8,0,925,0,0,82,0,0,1015
329553092,aicis/fresco,20/08/18 01:52,spirals-bears,37882099-5e5d-4fae-9744-50be0382c1aa_01-18-week3-PASSING_AND_PASSING,8,0,939,0,0,80,0,0,1027
329945391,aicis/fresco,20/08/18 02:03,spirals-bears,37882099-5e5d-4fae-9744-50be0382c1aa_01-18-week3-PASSING_AND_PASSING,8,0,1304,0,5,91,0,4,1412
329945349,aicis/fresco,20/08/18 02:05,spirals-bears,37882099-5e5d-4fae-9744-50be0382c1aa_01-18-week3-PASSING_AND_PASSING,8,0,1324,0,0,91,0,0,1423
329939302,aicis/fresco,20/08/18 02:15,spirals-bears,37882099-5e5d-4fae-9744-50be0382c1aa_01-18-week3-PASSING_AND_PASSING,8,0,1251,0,0,84,0,0,1343
329939329,aicis/fresco,20/08/18 02:15,spirals-bears,37882099-5e5d-4fae-9744-50be0382c1aa_01-18-week3-PASSING_AND_PASSING,8,0,1289,0,4,86,0,3,1390
329873756,aicis/fresco,20/08/18 02:16,spirals-bears,37882099-5e5d-4fae-9744-50be0382c1aa_01-18-week3-PASSING_AND_PASSING,8,0,0,0,38,0,46
329922708,aicis/fresco,20/08/18 02:27,spirals-bears,37882099-5e5d-4fae-9744-50be0382c1aa_01-18-week3-PASSING_AND_PASSING,8,0,1297,0,5,85,0,4,1399
329922667,aicis/fresco,20/08/18 02:28,spirals-bears,37882099-5e5d-4fae-9744-50be0382c1aa_01-18-week3-PASSING_AND_PASSING,8,0,1293,0,0,89,0,0,1390
329835987,aicis/fresco,20/08/18 02:39,spirals-bears,37882099-5e5d-4fae-9744-50be0382c1aa_01-18-week3-PASSING_AND_PASSING,8,0,1289,0,5,151,0,4,1457
329835971,aicis/fresco,20/08/18 02:39,spirals-bears,37882099-5e5d-4fae-9744-50be0382c1aa_01-18-week3-PASSING_AND_PASSING,7,0,1316,0,0,86,0,0,1409
329801771,aicis/fresco,20/08/18 02:45,spirals-bears,37882099-5e5d-4fae-9744-50be0382c1aa_01-18-week3-PASSING_AND_PASSING,8,0,973,0,0,72,0,0,1053
329801778,aicis/fresco,20/08/18 02:46,spirals-bears,37882099-5e5d-4fae-9744-50be0382c1aa_01-18-week3-PASSING_AND_PASSING,8,0,982,0,4,70,0,4,1068
329507177,aicis/fresco,20/08/18 02:47,spirals-bears,37882099-5e5d-4fae-9744-50be0382c1aa_01-18-week3-PASSING_AND_PASSING,8,0,0,0,141,0,149
329359648,aicis/fresco,20/08/18 02:56,spirals-bears,37882099-5e5d-4fae-9744-50be0382c1aa_01-18-week3-PASSING_AND_PASSING,8,0,925,0,0,83,0,0,1016
329507218,aicis/fresco,20/08/18 03:04,spirals-bears,37882099-5e5d-4fae-9744-50be0382c1aa_01-18-week3-PASSING_AND_PASSING,8,0,1331,0,5,93,0,4,1441
329462108,aicis/fresco,20/08/18 03:10,spirals-bears,37882099-5e5d-4fae-9744-50be0382c1aa_01-18-week3-PASSING_AND_PASSING,8,0,1298,0,5,91,0,4,1406
329450799,aicis/fresco,20/08/18 03:11,spirals-bears,37882099-5e5d-4fae-9744-50be0382c1aa_01-18-week3-PASSING_AND_PASSING,8,0,0,0,41,0,49
329462076,aicis/fresco,20/08/18 03:11,spirals-bears,37882099-5e5d-4fae-9744-50be0382c1aa_01-18-week3-PASSING_AND_PASSING,9,0,1327,0,0,92,0,0,1428
329450764,aicis/fresco,20/08/18 03:12,spirals-bears,37882099-5e5d-4fae-9744-50be0382c1aa_01-18-week3-PASSING_AND_PASSING,10,0,0,5,46,3,64
329436012,aicis/fresco,20/08/18 03:12,spirals-bears,37882099-5e5d-4fae-9744-50be0382c1aa_01-18-week3-PASSING_AND_PASSING,9,0,0,0,51,0,60
329436047,aicis/fresco,20/08/18 03:14,spirals-bears,37882099-5e5d-4fae-9744-50be0382c1aa_01-18-week3-PASSING_AND_PASSING,8,0,0,5,50,4,67
329454906,aicis/fresco,20/08/18 03:20,spirals-bears,37882099-5e5d-4fae-9744-50be0382c1aa_01-18-week3-PASSING_AND_PASSING,8,0,1304,0,4,87,0,3,1406
329404332,aicis/fresco,20/08/18 03:21,spirals-bears,37882099-5e5d-4fae-9744-50be0382c1aa_01-18-week3-PASSING_AND_PASSING,8,0,0,5,22,4,39
329404247,aicis/fresco,20/08/18 03:22,spirals-bears,37882099-5e5d-4fae-9744-50be0382c1aa_01-18-week3-PASSING_AND_PASSING,8,0,0,0,26,0,34
329454846,aicis/fresco,20/08/18 03:27,spirals-bears,37882099-5e5d-4fae-9744-50be0382c1aa_01-18-week3-PASSING_AND_PASSING,8,0,1325,0,0,90,0,0,1423
329401197,aicis/fresco,20/08/18 03:32,spirals-bears,37882099-5e5d-4fae-9744-50be0382c1aa_01-18-week3-PASSING_AND_PASSING,8,0,138,0,0,90,0,0,236
329384947,aicis/fresco,20/08/18 03:32,spirals-bears,37882099-5e5d-4fae-9744-50be0382c1aa_01-18-week3-PASSING_AND_PASSING,9,0,0,0,22,1,32
329429109,aicis/fresco,20/08/18 03:37,spirals-bears,37882099-5e5d-4fae-9744-50be0382c1aa_01-18-week3-PASSING_AND_PASSING,9,0,1329,0,5,95,0,4,1442
329429025,aicis/fresco,20/08/18 03:37,spirals-bears,37882099-5e5d-4fae-9744-50be0382c1aa_01-18-week3-PASSING_AND_PASSING,15,0,1308,0,0,88,0,0,1411
329401218,aicis/fresco,20/08/18 03:45,spirals-bears,37882099-5e5d-4fae-9744-50be0382c1aa_01-18-week3-PASSING_AND_PASSING,8,0,1297,0,5,88,0,3,1401
329355901,aicis/fresco,20/08/18 03:57,spirals-bears,37882099-5e5d-4fae-9744-50be0382c1aa_01-18-week3-PASSING_AND_PASSING,8,0,1356,0,0,85,0,0,1449
329355903,aicis/fresco,20/08/18 04:00,spirals-bears,37882099-5e5d-4fae-9744-50be0382c1aa_01-18-week3-PASSING_AND_PASSING,8,0,1300,0,4,91,0,3,1406
329094160,aicis/fresco,20/08/18 04:09,spirals-bears,37882099-5e5d-4fae-9744-50be0382c1aa_01-18-week3-PASSING_AND_PASSING,8,0,0,825,0,0,3,0,902,0,0,34,0,9,3,79,1863
329109541,aicis/fresco,20/08/18 04:20,spirals-bears,37882099-5e5d-4fae-9744-50be0382c1aa_01-18-week3-PASSING_AND_PASSING,8,0,1319,0,0,87,0,1,1415
329094174,aicis/fresco,20/08/18 04:24,spirals-bears,37882099-5e5d-4fae-9744-50be0382c1aa_01-18-week3-PASSING_AND_PASSING,8,0,1305,0,0,88,0,0,1401
328130095,aicis/fresco,20/08/18 04:25,spirals-bears,37882099-5e5d-4fae-9744-50be0382c1aa_01-18-week3-PASSING_AND_PASSING,9,0,0,0,27,0,36
331458736,swagger-api/swagger-codegen,20/08/18 04:26,spirals-bears,37882099-5e5d-4fae-9744-50be0382c1aa_01-18-week3-PASSING_AND_PASSING,31,0,1,1,67,1,101
330658663,swagger-api/swagger-codegen,20/08/18 04:27,spirals-bears,37882099-5e5d-4fae-9744-50be0382c1aa_01-18-week3-PASSING_AND_PASSING,34,0,34
329109594,aicis/fresco,20/08/18 04:31,spirals-bears,37882099-5e5d-4fae-9744-50be0382c1aa_01-18-week3-PASSING_AND_PASSING,8,3,0,2,7,1284,0,0,3,0,1283,0,5,0,39,2,8,4,4,86,2738
330221149,swagger-api/swagger-codegen,20/08/18 04:33,spirals-bears,37882099-5e5d-4fae-9744-50be0382c1aa_01-18-week3-PASSING_AND_PASSING,34,0,52,0,7,236,0,8,337
328321096,swagger-api/swagger-codegen,20/08/18 04:35,spirals-bears,37882099-5e5d-4fae-9744-50be0382c1aa_01-18-week3-PASSING_AND_PASSING,36,0,0,2,67,2,107
329785673,swagger-api/swagger-codegen,20/08/18 04:37,spirals-bears,37882099-5e5d-4fae-9744-50be0382c1aa_01-18-week3-PASSING_AND_PASSING,35,0,55,1,8,201,0,9,309
326218766,swagger-api/swagger-codegen,20/08/18 04:37,spirals-bears,37882099-5e5d-4fae-9744-50be0382c1aa_01-18-week3-PASSING_AND_PASSING,35,4,39
328670304,swagger-api/swagger-codegen,20/08/18 04:38,spirals-bears,37882099-5e5d-4fae-9744-50be0382c1aa_01-18-week3-PASSING_AND_PASSING,32,0,0,9,8,49
329090508,aicis/fresco,20/08/18 04:43,spirals-bears,37882099-5e5d-4fae-9744-50be0382c1aa_01-18-week3-PASSING_AND_PASSING,8,3,0,0,7,922,0,0,2,0,982,0,0,0,32,0,8,4,2,76,2046
328031940,swagger-api/swagger-codegen,20/08/18 04:44,spirals-bears,37882099-5e5d-4fae-9744-50be0382c1aa_01-18-week3-PASSING_AND_PASSING,7,15,0,3,11,44,0,0,11,0,53,0,10,0,61,5,34,11,15,207,487
328742053,swagger-api/swagger-codegen,20/08/18 04:44,spirals-bears,37882099-5e5d-4fae-9744-50be0382c1aa_01-18-week3-PASSING_AND_PASSING,35,0,59,0,1,217,0,2,314
328104765,rabbitmq/rabbitmq-perf-test,20/08/18 04:44,spirals-bears,37882099-5e5d-4fae-9744-50be0382c1aa_01-18-week3-PASSING_AND_PASSING,3,2,5
330751713,rabbitmq/rabbitmq-perf-test,20/08/18 04:44,spirals-bears,37882099-5e5d-4fae-9744-50be0382c1aa_01-18-week3-PASSING_AND_PASSING,6,0,16,0,3,28,0,2,55
330460077,spring-cloud/spring-cloud-gcp,20/08/18 04:44,spirals-bears,37882099-5e5d-4fae-9744-50be0382c1aa_01-18-week3-PASSING_AND_PASSING,4,2,6
330101469,spring-cloud/spring-cloud-gcp,20/08/18 04:45,spirals-bears,37882099-5e5d-4fae-9744-50be0382c1aa_01-18-week3-PASSING_AND_PASSING,4,2,6
330425560,spring-cloud/spring-cloud-gcp,20/08/18 04:49,spirals-bears,37882099-5e5d-4fae-9744-50be0382c1aa_01-18-week3-PASSING_AND_PASSING,4,4,7,0,253,0,268
329953859,spring-cloud/spring-cloud-gcp,20/08/18 04:49,spirals-bears,37882099-5e5d-4fae-9744-50be0382c1aa_01-18-week3-PASSING_AND_PASSING,5,2,7
330078170,spring-cloud/spring-cloud-gcp,20/08/18 04:50,spirals-bears,37882099-5e5d-4fae-9744-50be0382c1aa_01-18-week3-PASSING_AND_PASSING,4,4,8,0,282,0,298
330075287,spring-cloud/spring-cloud-gcp,20/08/18 04:53,spirals-bears,37882099-5e5d-4fae-9744-50be0382c1aa_01-18-week3-PASSING_AND_PASSING,4,1,4,0,238,0,247
329666503,spring-cloud/spring-cloud-gcp,20/08/18 04:53,spirals-bears,37882099-5e5d-4fae-9744-50be0382c1aa_01-18-week3-PASSING_AND_PASSING,4,1,4,0,189,0,198
330033676,spring-cloud/spring-cloud-gcp,20/08/18 04:54,spirals-bears,37882099-5e5d-4fae-9744-50be0382c1aa_01-18-week3-PASSING_AND_PASSING,4,2,6
329993517,spring-cloud/spring-cloud-gcp,20/08/18 04:54,spirals-bears,37882099-5e5d-4fae-9744-50be0382c1aa_01-18-week3-PASSING_AND_PASSING,5,2,7
329989808,spring-cloud/spring-cloud-gcp,20/08/18 04:54,spirals-bears,37882099-5e5d-4fae-9744-50be0382c1aa_01-18-week3-PASSING_AND_PASSING,4,2,6
329988008,spring-cloud/spring-cloud-gcp,20/08/18 04:54,spirals-bears,37882099-5e5d-4fae-9744-50be0382c1aa_01-18-week3-PASSING_AND_PASSING,4,2,6
329929542,spring-cloud/spring-cloud-gcp,20/08/18 04:54,spirals-bears,37882099-5e5d-4fae-9744-50be0382c1aa_01-18-week3-PASSING_AND_PASSING,4,2,6
329925407,spring-cloud/spring-cloud-gcp,20/08/18 04:54,spirals-bears,37882099-5e5d-4fae-9744-50be0382c1aa_01-18-week3-PASSING_AND_PASSING,4,2,6
329914480,spring-cloud/spring-cloud-gcp,20/08/18 04:54,spirals-bears,37882099-5e5d-4fae-9744-50be0382c1aa_01-18-week3-PASSING_AND_PASSING,4,1,5
329648195,spring-cloud/spring-cloud-gcp,20/08/18 04:54,spirals-bears,37882099-5e5d-4fae-9744-50be0382c1aa_01-18-week3-PASSING_AND_PASSING,4,2,6
330973656,spring-cloud/spring-cloud-gcp,20/08/18 04:55,spirals-bears,37882099-5e5d-4fae-9744-50be0382c1aa_01-18-week3-PASSING_AND_PASSING,28,4,4,0,6,21,0,8,1,1,64,0,0,0,72,0,4,4,3,400,620
329533022,spring-cloud/spring-cloud-gcp,20/08/18 04:55,spirals-bears,37882099-5e5d-4fae-9744-50be0382c1aa_01-18-week3-PASSING_AND_PASSING,5,2,7
329513828,spring-cloud/spring-cloud-gcp,20/08/18 04:55,spirals-bears,37882099-5e5d-4fae-9744-50be0382c1aa_01-18-week3-PASSING_AND_PASSING,4,1,5
328185688,spring-cloud/spring-cloud-gcp,20/08/18 04:55,spirals-bears,37882099-5e5d-4fae-9744-50be0382c1aa_01-18-week3-PASSING_AND_PASSING,5,2,7
330448135,RipMeApp/ripme,20/08/18 04:55,spirals-bears,37882099-5e5d-4fae-9744-50be0382c1aa_01-18-week3-PASSING_AND_PASSING,5,0,0,0,20,0,25
329074082,aicis/fresco,20/08/18 04:56,spirals-bears,37882099-5e5d-4fae-9744-50be0382c1aa_01-18-week3-PASSING_AND_PASSING,10,3,0,0,7,936,0,0,4,0,1048,0,0,0,35,0,8,5,3,77,2136
330236930,apache/incubator-servicecomb-saga,20/08/18 04:58,spirals-bears,37882099-5e5d-4fae-9744-50be0382c1aa_01-18-week3-PASSING_AND_PASSING,4,0,4,0,115,0,123
327784916,spring-cloud/spring-cloud-gcp,20/08/18 04:58,spirals-bears,37882099-5e5d-4fae-9744-50be0382c1aa_01-18-week3-PASSING_AND_PASSING,5,1,4,0,183,0,193
329355647,apache/incubator-servicecomb-saga,20/08/18 04:58,spirals-bears,37882099-5e5d-4fae-9744-50be0382c1aa_01-18-week3-PASSING_AND_PASSING,6,3,9
329388570,apache/incubator-servicecomb-saga,20/08/18 04:58,spirals-bears,37882099-5e5d-4fae-9744-50be0382c1aa_01-18-week3-PASSING_AND_PASSING,4,0,4,0,117,0,125
329059833,apache/incubator-servicecomb-saga,20/08/18 04:58,spirals-bears,37882099-5e5d-4fae-9744-50be0382c1aa_01-18-week3-PASSING_AND_PASSING,4,2,6
329001946,apache/incubator-servicecomb-saga,20/08/18 04:59,spirals-bears,37882099-5e5d-4fae-9744-50be0382c1aa_01-18-week3-PASSING_AND_PASSING,5,0,5
329001926,apache/incubator-servicecomb-saga,20/08/18 04:59,spirals-bears,37882099-5e5d-4fae-9744-50be0382c1aa_01-18-week3-PASSING_AND_PASSING,4,2,6
329297401,apache/incubator-servicecomb-saga,20/08/18 05:00,spirals-bears,37882099-5e5d-4fae-9744-50be0382c1aa_01-18-week3-PASSING_AND_PASSING,5,0,4,0,104,1,114
328664120,apache/incubator-servicecomb-saga,20/08/18 05:00,spirals-bears,37882099-5e5d-4fae-9744-50be0382c1aa_01-18-week3-PASSING_AND_PASSING,5,0,5
328990871,apache/incubator-servicecomb-saga,20/08/18 05:00,spirals-bears,37882099-5e5d-4fae-9744-50be0382c1aa_01-18-week3-PASSING_AND_PASSING,4,3,7
329281510,apache/incubator-servicecomb-saga,20/08/18 05:01,spirals-bears,37882099-5e5d-4fae-9744-50be0382c1aa_01-18-week3-PASSING_AND_PASSING,5,0,4,0,109,0,118
328664160,apache/incubator-servicecomb-saga,20/08/18 05:01,spirals-bears,37882099-5e5d-4fae-9744-50be0382c1aa_01-18-week3-PASSING_AND_PASSING,4,1,5
328997923,apache/incubator-servicecomb-saga,20/08/18 05:01,spirals-bears,37882099-5e5d-4fae-9744-50be0382c1aa_01-18-week3-PASSING_AND_PASSING,5,0,3,0,96,0,104
328974473,apache/incubator-servicecomb-saga,20/08/18 05:02,spirals-bears,37882099-5e5d-4fae-9744-50be0382c1aa_01-18-week3-PASSING_AND_PASSING,4,0,4,0,104,0,112
262382593,datastax/java-driver,20/08/18 05:03,spirals-bears,37882099-5e5d-4fae-9744-50be0382c1aa_01-18-week3-PASSING_AND_PASSING,16,3,19
328704676,apache/incubator-servicecomb-saga,20/08/18 05:03,spirals-bears,37882099-5e5d-4fae-9744-50be0382c1aa_01-18-week3-PASSING_AND_PASSING,5,0,4,0,99,0,108
262382580,datastax/java-driver,20/08/18 05:03,spirals-bears,37882099-5e5d-4fae-9744-50be0382c1aa_01-18-week3-PASSING_AND_PASSING,16,0,16
329759400,SzFMV2018-Tavasz/AutomatedCar,20/08/18 05:04,spirals-bears,37882099-5e5d-4fae-9744-50be0382c1aa_01-18-week3-PASSING_AND_PASSING,8,0,9,0,0,16,0,0,33
329765541,SzFMV2018-Tavasz/AutomatedCar,20/08/18 05:04,spirals-bears,37882099-5e5d-4fae-9744-50be0382c1aa_01-18-week3-PASSING_AND_PASSING,9,0,8,1,0,16,0,0,34
329440434,SzFMV2018-Tavasz/AutomatedCar,20/08/18 05:04,spirals-bears,37882099-5e5d-4fae-9744-50be0382c1aa_01-18-week3-PASSING_AND_PASSING,9,0,0,0,15,0,24
330105180,datastax/java-driver,20/08/18 05:04,spirals-bears,37882099-5e5d-4fae-9744-50be0382c1aa_01-18-week3-PASSING_AND_PASSING,16,0,72,0,0,100,0,0,188
329904532,MariaDB/mariadb-connector-j,20/08/18 05:07,spirals-bears,37882099-5e5d-4fae-9744-50be0382c1aa_01-18-week3-PASSING_AND_PASSING,11,0,0,18,0,0,1,0,16,0,0,35,0,10,1,60,152
330663301,debezium/debezium,20/08/18 05:07,spirals-bears,37882099-5e5d-4fae-9744-50be0382c1aa_01-18-week3-PASSING_AND_PASSING,6,0,1,4,146,7,164
330815709,debezium/debezium,20/08/18 05:07,spirals-bears,37882099-5e5d-4fae-9744-50be0382c1aa_01-18-week3-PASSING_AND_PASSING,6,0,1,0,161,0,168
326916819,debezium/debezium,20/08/18 05:08,spirals-bears,37882099-5e5d-4fae-9744-50be0382c1aa_01-18-week3-PASSING_AND_PASSING,7,3,10
330312634,debezium/debezium,20/08/18 05:08,spirals-bears,37882099-5e5d-4fae-9744-50be0382c1aa_01-18-week3-PASSING_AND_PASSING,7,0,1,4,5,17
328263856,debezium/debezium,20/08/18 05:08,spirals-bears,37882099-5e5d-4fae-9744-50be0382c1aa_01-18-week3-PASSING_AND_PASSING,7,0,7
330447752,RipMeApp/ripme,20/08/18 05:08,spirals-bears,37882099-5e5d-4fae-9744-50be0382c1aa_01-18-week3-PASSING_AND_PASSING,8,0,0,418,0,0,0,0,294,0,0,11,0,5,0,22,758
328163459,debezium/debezium,20/08/18 05:08,spirals-bears,37882099-5e5d-4fae-9744-50be0382c1aa_01-18-week3-PASSING_AND_PASSING,7,4,11
329890070,debezium/debezium,20/08/18 05:09,spirals-bears,37882099-5e5d-4fae-9744-50be0382c1aa_01-18-week3-PASSING_AND_PASSING,8,0,1,0,76,0,85
329023495,debezium/debezium,20/08/18 05:10,spirals-bears,37882099-5e5d-4fae-9744-50be0382c1aa_01-18-week3-PASSING_AND_PASSING,7,5,12
330768767,debezium/debezium,20/08/18 05:10,spirals-bears,37882099-5e5d-4fae-9744-50be0382c1aa_01-18-week3-PASSING_AND_PASSING,7,0,48,0,0,116,0,0,171
329054306,debezium/debezium,20/08/18 05:10,spirals-bears,37882099-5e5d-4fae-9744-50be0382c1aa_01-18-week3-PASSING_AND_PASSING,6,0,0,0,110,0,116
328974253,debezium/debezium,20/08/18 05:11,spirals-bears,37882099-5e5d-4fae-9744-50be0382c1aa_01-18-week3-PASSING_AND_PASSING,7,0,40,1,0,114,0,0,162
327711022,fabric8io/fabric8-maven-plugin,20/08/18 05:12,spirals-bears,37882099-5e5d-4fae-9744-50be0382c1aa_01-18-week3-PASSING_AND_PASSING,32,8,40
328941529,debezium/debezium,20/08/18 05:12,spirals-bears,37882099-5e5d-4fae-9744-50be0382c1aa_01-18-week3-PASSING_AND_PASSING,6,0,43,0,0,101,0,0,150
327816088,fabric8io/fabric8-maven-plugin,20/08/18 05:13,spirals-bears,37882099-5e5d-4fae-9744-50be0382c1aa_01-18-week3-PASSING_AND_PASSING,29,7,36
328094599,fabric8io/fabric8-maven-plugin,20/08/18 05:13,spirals-bears,37882099-5e5d-4fae-9744-50be0382c1aa_01-18-week3-PASSING_AND_PASSING,29,0,2,4,6,41
326496722,Activiti/Activiti,20/08/18 05:14,spirals-bears,37882099-5e5d-4fae-9744-50be0382c1aa_01-18-week3-PASSING_AND_PASSING,31,2,33
329010480,fabric8io/fabric8-maven-plugin,20/08/18 05:18,spirals-bears,37882099-5e5d-4fae-9744-50be0382c1aa_01-18-week3-PASSING_AND_PASSING,32,0,121,2,4,293,0,6,458
328049006,fabric8io/fabric8-maven-plugin,20/08/18 05:18,spirals-bears,37882099-5e5d-4fae-9744-50be0382c1aa_01-18-week3-PASSING_AND_PASSING,31,0,122,2,0,308,0,0,463
329037979,Spirals-Team/repairnator,20/08/18 05:18,spirals-bears,37882099-5e5d-4fae-9744-50be0382c1aa_01-18-week3-PASSING_AND_PASSING,17,0,0,1,18
313987219,4Science/DSpace,20/08/18 05:19,spirals-bears,37882099-5e5d-4fae-9744-50be0382c1aa_01-18-week3-PASSING_AND_PASSING,40,0,1,41
329004712,fabric8io/fabric8-maven-plugin,20/08/18 05:20,spirals-bears,37882099-5e5d-4fae-9744-50be0382c1aa_01-18-week3-PASSING_AND_PASSING,30,0,120,2,4,305,0,6,467
328336076,jdbi/jdbi,20/08/18 05:27,spirals-bears,37882099-5e5d-4fae-9744-50be0382c1aa_01-18-week3-PASSING_AND_PASSING,9,0,0,25,0,1,1,0,21,0,0,180,0,8,1,501,747
