361643059,apache/flink,02/09/18 00:00,spirals-bears,c528381b-1d5b-4a22-a74f-ab72178e0533_04-18-week1-PASSING_AND_PASSING,60,11,71
362120928,apache/flink,02/09/18 00:00,spirals-bears,c528381b-1d5b-4a22-a74f-ab72178e0533_04-18-week1-PASSING_AND_PASSING,76,0,1,8,14,99
356264450,apache/flink,02/09/18 00:01,spirals-bears,c528381b-1d5b-4a22-a74f-ab72178e0533_04-18-week1-PASSING_AND_PASSING,61,8,69
363079917,apache/flink,02/09/18 00:02,spirals-bears,c528381b-1d5b-4a22-a74f-ab72178e0533_04-18-week1-PASSING_AND_PASSING,69,0,1,2,159,3,234
362348307,prestodb/presto,02/09/18 00:03,spirals-bears,c528381b-1d5b-4a22-a74f-ab72178e0533_04-18-week1-PASSING_AND_PASSING,44,4,48
361795548,prestodb/presto,02/09/18 00:04,spirals-bears,c528381b-1d5b-4a22-a74f-ab72178e0533_04-18-week1-PASSING_AND_PASSING,44,5,49
359917203,apache/flink,02/09/18 00:05,spirals-bears,c528381b-1d5b-4a22-a74f-ab72178e0533_04-18-week1-PASSING_AND_PASSING,57,1,1,1,219,2,281
362890434,prestodb/presto,02/09/18 00:05,spirals-bears,c528381b-1d5b-4a22-a74f-ab72178e0533_04-18-week1-PASSING_AND_PASSING,46,6,52
360257885,prestodb/presto,02/09/18 00:06,spirals-bears,c528381b-1d5b-4a22-a74f-ab72178e0533_04-18-week1-PASSING_AND_PASSING,43,9,52
361793146,prestodb/presto,02/09/18 00:06,spirals-bears,c528381b-1d5b-4a22-a74f-ab72178e0533_04-18-week1-PASSING_AND_PASSING,43,4,47
361734198,prestodb/presto,02/09/18 00:07,spirals-bears,c528381b-1d5b-4a22-a74f-ab72178e0533_04-18-week1-PASSING_AND_PASSING,42,4,46
362329889,prestodb/presto,02/09/18 00:08,spirals-bears,c528381b-1d5b-4a22-a74f-ab72178e0533_04-18-week1-PASSING_AND_PASSING,45,8,53
363345931,prestodb/presto,02/09/18 00:31,spirals-bears,c528381b-1d5b-4a22-a74f-ab72178e0533_04-18-week1-PASSING_AND_PASSING,45,0,809,1,1,920,1,1777
361749253,prestodb/presto,02/09/18 00:33,spirals-bears,c528381b-1d5b-4a22-a74f-ab72178e0533_04-18-week1-PASSING_AND_PASSING,53,0,1,6,9,69
362384162,prestodb/presto,02/09/18 00:34,spirals-bears,c528381b-1d5b-4a22-a74f-ab72178e0533_04-18-week1-PASSING_AND_PASSING,42,4,46
360454408,prestodb/presto,02/09/18 00:35,spirals-bears,c528381b-1d5b-4a22-a74f-ab72178e0533_04-18-week1-PASSING_AND_PASSING,42,4,46
361890135,prestodb/presto,02/09/18 00:36,spirals-bears,c528381b-1d5b-4a22-a74f-ab72178e0533_04-18-week1-PASSING_AND_PASSING,48,0,1,4,5,58
361923722,prestodb/presto,02/09/18 00:37,spirals-bears,c528381b-1d5b-4a22-a74f-ab72178e0533_04-18-week1-PASSING_AND_PASSING,44,5,49
362600222,prestodb/presto,02/09/18 00:37,spirals-bears,c528381b-1d5b-4a22-a74f-ab72178e0533_04-18-week1-PASSING_AND_PASSING,41,0,806,1,1,976,1,1826
361571210,prestodb/presto,02/09/18 00:38,spirals-bears,c528381b-1d5b-4a22-a74f-ab72178e0533_04-18-week1-PASSING_AND_PASSING,42,8,50
361882435,prestodb/presto,02/09/18 00:39,spirals-bears,c528381b-1d5b-4a22-a74f-ab72178e0533_04-18-week1-PASSING_AND_PASSING,43,0,1,5,7,56
362386377,prestodb/presto,02/09/18 00:40,spirals-bears,c528381b-1d5b-4a22-a74f-ab72178e0533_04-18-week1-PASSING_AND_PASSING,43,0,831,2,1,992,1,1870
361852864,prestodb/presto,02/09/18 00:40,spirals-bears,c528381b-1d5b-4a22-a74f-ab72178e0533_04-18-week1-PASSING_AND_PASSING,44,4,48
361425085,prestodb/presto,02/09/18 00:41,spirals-bears,c528381b-1d5b-4a22-a74f-ab72178e0533_04-18-week1-PASSING_AND_PASSING,41,4,45
361940442,prestodb/presto,02/09/18 00:41,spirals-bears,c528381b-1d5b-4a22-a74f-ab72178e0533_04-18-week1-PASSING_AND_PASSING,45,0,1,1,190,2,239
361439515,prestodb/presto,02/09/18 00:42,spirals-bears,c528381b-1d5b-4a22-a74f-ab72178e0533_04-18-week1-PASSING_AND_PASSING,41,7,48
348500667,prestodb/presto,02/09/18 00:42,spirals-bears,c528381b-1d5b-4a22-a74f-ab72178e0533_04-18-week1-PASSING_AND_PASSING,43,0,1,5,9,58
361463893,prestodb/presto,02/09/18 00:43,spirals-bears,c528381b-1d5b-4a22-a74f-ab72178e0533_04-18-week1-PASSING_AND_PASSING,45,5,50
349693932,prestodb/presto,02/09/18 00:43,spirals-bears,c528381b-1d5b-4a22-a74f-ab72178e0533_04-18-week1-PASSING_AND_PASSING,43,9,52
360401998,prestodb/presto,02/09/18 00:44,spirals-bears,c528381b-1d5b-4a22-a74f-ab72178e0533_04-18-week1-PASSING_AND_PASSING,43,8,51
361419208,prestodb/presto,02/09/18 00:44,spirals-bears,c528381b-1d5b-4a22-a74f-ab72178e0533_04-18-week1-PASSING_AND_PASSING,43,7,50
360529704,prestodb/presto,02/09/18 00:45,spirals-bears,c528381b-1d5b-4a22-a74f-ab72178e0533_04-18-week1-PASSING_AND_PASSING,45,5,50
361698833,prestodb/presto,02/09/18 00:45,spirals-bears,c528381b-1d5b-4a22-a74f-ab72178e0533_04-18-week1-PASSING_AND_PASSING,47,0,1,0,203,2,253
361303713,prestodb/presto,02/09/18 00:46,spirals-bears,c528381b-1d5b-4a22-a74f-ab72178e0533_04-18-week1-PASSING_AND_PASSING,41,5,46
360445592,prestodb/presto,02/09/18 00:46,spirals-bears,c528381b-1d5b-4a22-a74f-ab72178e0533_04-18-week1-PASSING_AND_PASSING,43,0,2,6,8,59
361574696,apache/flink,02/09/18 00:46,spirals-bears,c528381b-1d5b-4a22-a74f-ab72178e0533_04-18-week1-PASSING_AND_PASSING,9,0,2,93,1,1,133,0,42,2,5,762,1,61,46,1685,2843
360526076,prestodb/presto,02/09/18 00:47,spirals-bears,c528381b-1d5b-4a22-a74f-ab72178e0533_04-18-week1-PASSING_AND_PASSING,44,5,49
360551807,prestodb/presto,02/09/18 00:48,spirals-bears,c528381b-1d5b-4a22-a74f-ab72178e0533_04-18-week1-PASSING_AND_PASSING,44,0,2,5,7,58
361259374,prestodb/presto,02/09/18 00:48,spirals-bears,c528381b-1d5b-4a22-a74f-ab72178e0533_04-18-week1-PASSING_AND_PASSING,44,0,1,1,82,3,131
361184352,prestodb/presto,02/09/18 00:49,spirals-bears,c528381b-1d5b-4a22-a74f-ab72178e0533_04-18-week1-PASSING_AND_PASSING,42,0,1,1,83,2,129
357456832,apache/incubator-druid,02/09/18 00:49,spirals-bears,c528381b-1d5b-4a22-a74f-ab72178e0533_04-18-week1-PASSING_AND_PASSING,35,14,49
361803490,apache/incubator-druid,02/09/18 00:54,spirals-bears,c528381b-1d5b-4a22-a74f-ab72178e0533_04-18-week1-PASSING_AND_PASSING,38,0,1,6,258,15,318
361423688,apache/incubator-druid,02/09/18 00:54,spirals-bears,c528381b-1d5b-4a22-a74f-ab72178e0533_04-18-week1-PASSING_AND_PASSING,36,0,1,6,260,11,314
361432987,apache/incubator-druid,02/09/18 00:54,spirals-bears,c528381b-1d5b-4a22-a74f-ab72178e0533_04-18-week1-PASSING_AND_PASSING,45,0,1,6,264,13,329
361314694,apache/incubator-druid,02/09/18 00:55,spirals-bears,c528381b-1d5b-4a22-a74f-ab72178e0533_04-18-week1-PASSING_AND_PASSING,37,4,41
360172733,apache/incubator-druid,02/09/18 00:56,spirals-bears,c528381b-1d5b-4a22-a74f-ab72178e0533_04-18-week1-PASSING_AND_PASSING,38,4,42
356067325,apache/incubator-druid,02/09/18 00:58,spirals-bears,c528381b-1d5b-4a22-a74f-ab72178e0533_04-18-week1-PASSING_AND_PASSING,36,0,1,5,164,12,218
360266934,thelastpickle/cassandra-reaper,02/09/18 00:58,spirals-bears,c528381b-1d5b-4a22-a74f-ab72178e0533_04-18-week1-PASSING_AND_PASSING,8,2,10
361769077,apache/incubator-druid,02/09/18 00:59,spirals-bears,c528381b-1d5b-4a22-a74f-ab72178e0533_04-18-week1-PASSING_AND_PASSING,35,0,1,1,270,2,309
362481428,thelastpickle/cassandra-reaper,02/09/18 00:59,spirals-bears,c528381b-1d5b-4a22-a74f-ab72178e0533_04-18-week1-PASSING_AND_PASSING,7,2,9
362481408,thelastpickle/cassandra-reaper,02/09/18 01:00,spirals-bears,c528381b-1d5b-4a22-a74f-ab72178e0533_04-18-week1-PASSING_AND_PASSING,10,0,10
361510391,thelastpickle/cassandra-reaper,02/09/18 01:00,spirals-bears,c528381b-1d5b-4a22-a74f-ab72178e0533_04-18-week1-PASSING_AND_PASSING,7,2,9
360483110,apache/incubator-druid,02/09/18 01:00,spirals-bears,c528381b-1d5b-4a22-a74f-ab72178e0533_04-18-week1-PASSING_AND_PASSING,43,0,1,8,168,12,232
361510359,thelastpickle/cassandra-reaper,02/09/18 01:00,spirals-bears,c528381b-1d5b-4a22-a74f-ab72178e0533_04-18-week1-PASSING_AND_PASSING,8,0,8
361975055,thelastpickle/cassandra-reaper,02/09/18 01:01,spirals-bears,c528381b-1d5b-4a22-a74f-ab72178e0533_04-18-week1-PASSING_AND_PASSING,9,0,46,0,0,88,0,1,144
361368618,prestodb/presto,02/09/18 01:13,spirals-bears,c528381b-1d5b-4a22-a74f-ab72178e0533_04-18-week1-PASSING_AND_PASSING,59,0,784,1,1,862,1,1708
362490071,JMRI/JMRI,02/09/18 01:20,spirals-bears,c528381b-1d5b-4a22-a74f-ab72178e0533_04-18-week1-PASSING_AND_PASSING,314,0,0,13,85,26,438
362781752,JMRI/JMRI,02/09/18 01:27,spirals-bears,c528381b-1d5b-4a22-a74f-ab72178e0533_04-18-week1-PASSING_AND_PASSING,244,0,0,14,85,31,374
363036236,JMRI/JMRI,02/09/18 01:37,spirals-bears,c528381b-1d5b-4a22-a74f-ab72178e0533_04-18-week1-PASSING_AND_PASSING,268,0,1662,0,12,117,38,37,2134
363360883,JMRI/JMRI,02/09/18 01:38,spirals-bears,c528381b-1d5b-4a22-a74f-ab72178e0533_04-18-week1-PASSING_AND_PASSING,318,0,1739,0,14,114,15,30,2230
363254147,JMRI/JMRI,02/09/18 01:50,spirals-bears,c528381b-1d5b-4a22-a74f-ab72178e0533_04-18-week1-PASSING_AND_PASSING,12,0,12,1976,0,283,0,8,30,85,6,329,72,112,2925
360317442,JMRI/JMRI,02/09/18 01:57,spirals-bears,c528381b-1d5b-4a22-a74f-ab72178e0533_04-18-week1-PASSING_AND_PASSING,256,0,0,12,90,28,386
362802819,JMRI/JMRI,02/09/18 02:04,spirals-bears,c528381b-1d5b-4a22-a74f-ab72178e0533_04-18-week1-PASSING_AND_PASSING,11,0,1,1571,0,107,0,2,7,85,1,243,59,104,2191
362420931,JMRI/JMRI,02/09/18 02:11,spirals-bears,c528381b-1d5b-4a22-a74f-ab72178e0533_04-18-week1-PASSING_AND_PASSING,268,0,1626,1,7,130,14,3,2049
362077991,JMRI/JMRI,02/09/18 02:12,spirals-bears,c528381b-1d5b-4a22-a74f-ab72178e0533_04-18-week1-PASSING_AND_PASSING,273,0,1591,3,11,123,7,9,2017
352073022,apache/nifi,02/09/18 02:12,spirals-bears,c528381b-1d5b-4a22-a74f-ab72178e0533_04-18-week1-PASSING_AND_PASSING,36,5,41
361925195,apache/nifi,02/09/18 02:13,spirals-bears,c528381b-1d5b-4a22-a74f-ab72178e0533_04-18-week1-PASSING_AND_PASSING,37,6,43
361041512,apache/nifi,02/09/18 02:14,spirals-bears,c528381b-1d5b-4a22-a74f-ab72178e0533_04-18-week1-PASSING_AND_PASSING,39,5,44
361773643,apache/nifi,02/09/18 02:15,spirals-bears,c528381b-1d5b-4a22-a74f-ab72178e0533_04-18-week1-PASSING_AND_PASSING,34,7,41
362351777,apache/nifi,02/09/18 02:17,spirals-bears,c528381b-1d5b-4a22-a74f-ab72178e0533_04-18-week1-PASSING_AND_PASSING,55,1,4,1,250,2,313
361287418,apache/nifi,02/09/18 02:18,spirals-bears,c528381b-1d5b-4a22-a74f-ab72178e0533_04-18-week1-PASSING_AND_PASSING,36,7,43
361989420,JMRI/JMRI,02/09/18 02:30,spirals-bears,c528381b-1d5b-4a22-a74f-ab72178e0533_04-18-week1-PASSING_AND_PASSING,245,0,1552,0,12,104,3,40,1956
363262609,apache/nifi,02/09/18 02:31,spirals-bears,c528381b-1d5b-4a22-a74f-ab72178e0533_04-18-week1-PASSING_AND_PASSING,37,2,3,2,1558,2,1604
361661223,apache/nifi,02/09/18 02:43,spirals-bears,c528381b-1d5b-4a22-a74f-ab72178e0533_04-18-week1-PASSING_AND_PASSING,34,1,4,7,1606,7,1659
361638545,apache/nifi,02/09/18 02:47,spirals-bears,c528381b-1d5b-4a22-a74f-ab72178e0533_04-18-week1-PASSING_AND_PASSING,39,1,4,7,1658,9,1718
355632372,apache/nifi,02/09/18 02:48,spirals-bears,c528381b-1d5b-4a22-a74f-ab72178e0533_04-18-week1-PASSING_AND_PASSING,39,1,4,5,8,57
359896323,apache/nifi,02/09/18 02:49,spirals-bears,c528381b-1d5b-4a22-a74f-ab72178e0533_04-18-week1-PASSING_AND_PASSING,45,5,50
358706214,apache/nifi,02/09/18 02:50,spirals-bears,c528381b-1d5b-4a22-a74f-ab72178e0533_04-18-week1-PASSING_AND_PASSING,35,7,42
363213364,INRIA/spoon,02/09/18 02:51,spirals-bears,c528381b-1d5b-4a22-a74f-ab72178e0533_04-18-week1-PASSING_AND_PASSING,10,0,0,0,49,0,59
360831708,INRIA/spoon,02/09/18 02:52,spirals-bears,c528381b-1d5b-4a22-a74f-ab72178e0533_04-18-week1-PASSING_AND_PASSING,9,4,13
361241584,apache/nifi,02/09/18 02:57,spirals-bears,c528381b-1d5b-4a22-a74f-ab72178e0533_04-18-week1-PASSING_AND_PASSING,38,1,4,1,794,4,842
361354676,apache/nifi,02/09/18 02:59,spirals-bears,c528381b-1d5b-4a22-a74f-ab72178e0533_04-18-week1-PASSING_AND_PASSING,37,1,4,8,1648,12,1710
362003167,INRIA/spoon,02/09/18 03:00,spirals-bears,c528381b-1d5b-4a22-a74f-ab72178e0533_04-18-week1-PASSING_AND_PASSING,9,0,0,0,42,1,52
361634921,INRIA/spoon,02/09/18 03:00,spirals-bears,c528381b-1d5b-4a22-a74f-ab72178e0533_04-18-week1-PASSING_AND_PASSING,9,6,15
361637915,apache/nifi,02/09/18 03:00,spirals-bears,c528381b-1d5b-4a22-a74f-ab72178e0533_04-18-week1-PASSING_AND_PASSING,37,1,3,8,1666,7,1722
360621261,INRIA/spoon,02/09/18 03:01,spirals-bears,c528381b-1d5b-4a22-a74f-ab72178e0533_04-18-week1-PASSING_AND_PASSING,9,4,13
361596347,INRIA/spoon,02/09/18 03:01,spirals-bears,c528381b-1d5b-4a22-a74f-ab72178e0533_04-18-week1-PASSING_AND_PASSING,9,7,16
360300748,INRIA/spoon,02/09/18 03:01,spirals-bears,c528381b-1d5b-4a22-a74f-ab72178e0533_04-18-week1-PASSING_AND_PASSING,9,5,14
360290615,INRIA/spoon,02/09/18 03:01,spirals-bears,c528381b-1d5b-4a22-a74f-ab72178e0533_04-18-week1-PASSING_AND_PASSING,9,6,15
360289760,INRIA/spoon,02/09/18 03:02,spirals-bears,c528381b-1d5b-4a22-a74f-ab72178e0533_04-18-week1-PASSING_AND_PASSING,9,6,15
360301567,INRIA/spoon,02/09/18 03:02,spirals-bears,c528381b-1d5b-4a22-a74f-ab72178e0533_04-18-week1-PASSING_AND_PASSING,9,5,14
362489531,INRIA/spoon,02/09/18 03:12,spirals-bears,c528381b-1d5b-4a22-a74f-ab72178e0533_04-18-week1-PASSING_AND_PASSING,8,0,0,543,0,0,4,0,519,0,0,19,0,11,5,57,1166
362030480,INRIA/spoon,02/09/18 03:17,spirals-bears,c528381b-1d5b-4a22-a74f-ab72178e0533_04-18-week1-PASSING_AND_PASSING,8,0,0,533,0,0,4,0,508,0,0,17,0,10,4,56,1140
360707826,INRIA/spoon,02/09/18 03:17,spirals-bears,c528381b-1d5b-4a22-a74f-ab72178e0533_04-18-week1-PASSING_AND_PASSING,8,3,11
361513181,INRIA/spoon,02/09/18 03:18,spirals-bears,c528381b-1d5b-4a22-a74f-ab72178e0533_04-18-week1-PASSING_AND_PASSING,7,0,0,479,0,0,4,0,480,0,0,16,0,9,4,55,1054
361512585,INRIA/spoon,02/09/18 03:20,spirals-bears,c528381b-1d5b-4a22-a74f-ab72178e0533_04-18-week1-PASSING_AND_PASSING,7,0,0,474,0,1,4,0,477,0,0,19,0,9,4,58,1053
361161930,INRIA/spoon,02/09/18 03:30,spirals-bears,c528381b-1d5b-4a22-a74f-ab72178e0533_04-18-week1-PASSING_AND_PASSING,8,0,0,486,0,1,4,0,480,0,0,20,0,9,5,54,1067
362584397,EnMasseProject/enmasse,02/09/18 03:30,spirals-bears,c528381b-1d5b-4a22-a74f-ab72178e0533_04-18-week1-PASSING_AND_PASSING,25,3,28
362584373,EnMasseProject/enmasse,02/09/18 03:31,spirals-bears,c528381b-1d5b-4a22-a74f-ab72178e0533_04-18-week1-PASSING_AND_PASSING,24,0,24
362691891,EnMasseProject/enmasse,02/09/18 03:31,spirals-bears,c528381b-1d5b-4a22-a74f-ab72178e0533_04-18-week1-PASSING_AND_PASSING,25,0,1,0,1,27
362474654,EnMasseProject/enmasse,02/09/18 03:33,spirals-bears,c528381b-1d5b-4a22-a74f-ab72178e0533_04-18-week1-PASSING_AND_PASSING,24,0,2,1,56,0,83
362566618,EnMasseProject/enmasse,02/09/18 03:34,spirals-bears,c528381b-1d5b-4a22-a74f-ab72178e0533_04-18-week1-PASSING_AND_PASSING,26,3,29
362566603,EnMasseProject/enmasse,02/09/18 03:34,spirals-bears,c528381b-1d5b-4a22-a74f-ab72178e0533_04-18-week1-PASSING_AND_PASSING,26,0,26
362534725,EnMasseProject/enmasse,02/09/18 03:35,spirals-bears,c528381b-1d5b-4a22-a74f-ab72178e0533_04-18-week1-PASSING_AND_PASSING,25,3,28
360889162,INRIA/spoon,02/09/18 03:35,spirals-bears,c528381b-1d5b-4a22-a74f-ab72178e0533_04-18-week1-PASSING_AND_PASSING,7,0,0,488,0,0,4,0,489,0,0,17,0,9,4,52,1070
362534714,EnMasseProject/enmasse,02/09/18 03:35,spirals-bears,c528381b-1d5b-4a22-a74f-ab72178e0533_04-18-week1-PASSING_AND_PASSING,26,0,26
362523478,EnMasseProject/enmasse,02/09/18 03:36,spirals-bears,c528381b-1d5b-4a22-a74f-ab72178e0533_04-18-week1-PASSING_AND_PASSING,27,0,27
362523488,EnMasseProject/enmasse,02/09/18 03:36,spirals-bears,c528381b-1d5b-4a22-a74f-ab72178e0533_04-18-week1-PASSING_AND_PASSING,25,2,27
362492565,EnMasseProject/enmasse,02/09/18 03:36,spirals-bears,c528381b-1d5b-4a22-a74f-ab72178e0533_04-18-week1-PASSING_AND_PASSING,25,3,28
357544203,INRIA/spoon,02/09/18 03:36,spirals-bears,c528381b-1d5b-4a22-a74f-ab72178e0533_04-18-week1-PASSING_AND_PASSING,7,0,0,485,0,0,4,0,488,0,0,17,0,9,4,53,1067
362492559,EnMasseProject/enmasse,02/09/18 03:37,spirals-bears,c528381b-1d5b-4a22-a74f-ab72178e0533_04-18-week1-PASSING_AND_PASSING,27,0,27
362516108,EnMasseProject/enmasse,02/09/18 03:37,spirals-bears,c528381b-1d5b-4a22-a74f-ab72178e0533_04-18-week1-PASSING_AND_PASSING,29,0,29
362477796,EnMasseProject/enmasse,02/09/18 03:37,spirals-bears,c528381b-1d5b-4a22-a74f-ab72178e0533_04-18-week1-PASSING_AND_PASSING,26,3,29
362477788,EnMasseProject/enmasse,02/09/18 03:37,spirals-bears,c528381b-1d5b-4a22-a74f-ab72178e0533_04-18-week1-PASSING_AND_PASSING,29,0,29
362472333,EnMasseProject/enmasse,02/09/18 03:38,spirals-bears,c528381b-1d5b-4a22-a74f-ab72178e0533_04-18-week1-PASSING_AND_PASSING,35,0,35
362470365,EnMasseProject/enmasse,02/09/18 03:38,spirals-bears,c528381b-1d5b-4a22-a74f-ab72178e0533_04-18-week1-PASSING_AND_PASSING,29,0,29
360011896,INRIA/spoon,02/09/18 03:38,spirals-bears,c528381b-1d5b-4a22-a74f-ab72178e0533_04-18-week1-PASSING_AND_PASSING,7,0,1,479,0,0,4,0,495,6,0,18,2,8,6,56,1082
362472095,EnMasseProject/enmasse,02/09/18 03:38,spirals-bears,c528381b-1d5b-4a22-a74f-ab72178e0533_04-18-week1-PASSING_AND_PASSING,29,0,29
362123322,EnMasseProject/enmasse,02/09/18 03:39,spirals-bears,c528381b-1d5b-4a22-a74f-ab72178e0533_04-18-week1-PASSING_AND_PASSING,31,0,31
362016890,EnMasseProject/enmasse,02/09/18 03:39,spirals-bears,c528381b-1d5b-4a22-a74f-ab72178e0533_04-18-week1-PASSING_AND_PASSING,31,0,31
361981915,EnMasseProject/enmasse,02/09/18 03:39,spirals-bears,c528381b-1d5b-4a22-a74f-ab72178e0533_04-18-week1-PASSING_AND_PASSING,36,3,39
361981895,EnMasseProject/enmasse,02/09/18 03:39,spirals-bears,c528381b-1d5b-4a22-a74f-ab72178e0533_04-18-week1-PASSING_AND_PASSING,36,0,36
361632557,EnMasseProject/enmasse,02/09/18 03:40,spirals-bears,c528381b-1d5b-4a22-a74f-ab72178e0533_04-18-week1-PASSING_AND_PASSING,28,0,28
361572063,EnMasseProject/enmasse,02/09/18 03:40,spirals-bears,c528381b-1d5b-4a22-a74f-ab72178e0533_04-18-week1-PASSING_AND_PASSING,28,0,28
361632585,EnMasseProject/enmasse,02/09/18 03:40,spirals-bears,c528381b-1d5b-4a22-a74f-ab72178e0533_04-18-week1-PASSING_AND_PASSING,29,3,32
361621059,EnMasseProject/enmasse,02/09/18 03:41,spirals-bears,c528381b-1d5b-4a22-a74f-ab72178e0533_04-18-week1-PASSING_AND_PASSING,29,3,32
361621048,EnMasseProject/enmasse,02/09/18 03:41,spirals-bears,c528381b-1d5b-4a22-a74f-ab72178e0533_04-18-week1-PASSING_AND_PASSING,28,0,28
361588476,EnMasseProject/enmasse,02/09/18 03:41,spirals-bears,c528381b-1d5b-4a22-a74f-ab72178e0533_04-18-week1-PASSING_AND_PASSING,32,0,32
362101473,EnMasseProject/enmasse,02/09/18 03:41,spirals-bears,c528381b-1d5b-4a22-a74f-ab72178e0533_04-18-week1-PASSING_AND_PASSING,26,0,101,1,1,93,0,0,222
360413778,EnMasseProject/enmasse,02/09/18 03:41,spirals-bears,c528381b-1d5b-4a22-a74f-ab72178e0533_04-18-week1-PASSING_AND_PASSING,30,3,33
362489510,batfish/batfish,02/09/18 03:42,spirals-bears,c528381b-1d5b-4a22-a74f-ab72178e0533_04-18-week1-PASSING_AND_PASSING,55,0,55
363366506,batfish/batfish,02/09/18 03:42,spirals-bears,c528381b-1d5b-4a22-a74f-ab72178e0533_04-18-week1-PASSING_AND_PASSING,51,3,54
363366502,batfish/batfish,02/09/18 03:42,spirals-bears,c528381b-1d5b-4a22-a74f-ab72178e0533_04-18-week1-PASSING_AND_PASSING,83,0,83
363364355,batfish/batfish,02/09/18 03:43,spirals-bears,c528381b-1d5b-4a22-a74f-ab72178e0533_04-18-week1-PASSING_AND_PASSING,49,0,49
363364376,batfish/batfish,02/09/18 03:43,spirals-bears,c528381b-1d5b-4a22-a74f-ab72178e0533_04-18-week1-PASSING_AND_PASSING,51,3,54
363363390,batfish/batfish,02/09/18 03:44,spirals-bears,c528381b-1d5b-4a22-a74f-ab72178e0533_04-18-week1-PASSING_AND_PASSING,58,2,60
363363341,batfish/batfish,02/09/18 03:44,spirals-bears,c528381b-1d5b-4a22-a74f-ab72178e0533_04-18-week1-PASSING_AND_PASSING,54,0,54
363352937,batfish/batfish,02/09/18 03:45,spirals-bears,c528381b-1d5b-4a22-a74f-ab72178e0533_04-18-week1-PASSING_AND_PASSING,50,0,50
363352939,batfish/batfish,02/09/18 03:45,spirals-bears,c528381b-1d5b-4a22-a74f-ab72178e0533_04-18-week1-PASSING_AND_PASSING,51,2,53
363364004,batfish/batfish,02/09/18 03:45,spirals-bears,c528381b-1d5b-4a22-a74f-ab72178e0533_04-18-week1-PASSING_AND_PASSING,50,0,8,1,0,150,0,3,212
363340808,batfish/batfish,02/09/18 03:46,spirals-bears,c528381b-1d5b-4a22-a74f-ab72178e0533_04-18-week1-PASSING_AND_PASSING,51,3,54
363340797,batfish/batfish,02/09/18 03:46,spirals-bears,c528381b-1d5b-4a22-a74f-ab72178e0533_04-18-week1-PASSING_AND_PASSING,59,0,59
363363461,batfish/batfish,02/09/18 03:46,spirals-bears,c528381b-1d5b-4a22-a74f-ab72178e0533_04-18-week1-PASSING_AND_PASSING,53,0,7,1,0,142,0,3,206
363338522,batfish/batfish,02/09/18 03:47,spirals-bears,c528381b-1d5b-4a22-a74f-ab72178e0533_04-18-week1-PASSING_AND_PASSING,50,4,54
363238711,batfish/batfish,02/09/18 03:47,spirals-bears,c528381b-1d5b-4a22-a74f-ab72178e0533_04-18-week1-PASSING_AND_PASSING,50,0,50
363333107,batfish/batfish,02/09/18 03:47,spirals-bears,c528381b-1d5b-4a22-a74f-ab72178e0533_04-18-week1-PASSING_AND_PASSING,51,0,2,1,70,1,125
363238718,batfish/batfish,02/09/18 03:48,spirals-bears,c528381b-1d5b-4a22-a74f-ab72178e0533_04-18-week1-PASSING_AND_PASSING,56,2,58
362844421,batfish/batfish,02/09/18 03:48,spirals-bears,c528381b-1d5b-4a22-a74f-ab72178e0533_04-18-week1-PASSING_AND_PASSING,60,3,63
362905910,batfish/batfish,02/09/18 03:49,spirals-bears,c528381b-1d5b-4a22-a74f-ab72178e0533_04-18-week1-PASSING_AND_PASSING,54,0,54
363236628,batfish/batfish,02/09/18 03:49,spirals-bears,c528381b-1d5b-4a22-a74f-ab72178e0533_04-18-week1-PASSING_AND_PASSING,81,2,83
362905925,batfish/batfish,02/09/18 03:49,spirals-bears,c528381b-1d5b-4a22-a74f-ab72178e0533_04-18-week1-PASSING_AND_PASSING,50,3,53
363315257,batfish/batfish,02/09/18 03:50,spirals-bears,c528381b-1d5b-4a22-a74f-ab72178e0533_04-18-week1-PASSING_AND_PASSING,51,0,1,0,107,4,163
362858749,batfish/batfish,02/09/18 03:50,spirals-bears,c528381b-1d5b-4a22-a74f-ab72178e0533_04-18-week1-PASSING_AND_PASSING,50,4,54
362862693,batfish/batfish,02/09/18 03:51,spirals-bears,c528381b-1d5b-4a22-a74f-ab72178e0533_04-18-week1-PASSING_AND_PASSING,51,2,53
362862157,batfish/batfish,02/09/18 03:51,spirals-bears,c528381b-1d5b-4a22-a74f-ab72178e0533_04-18-week1-PASSING_AND_PASSING,54,0,54
362383847,batfish/batfish,02/09/18 03:52,spirals-bears,c528381b-1d5b-4a22-a74f-ab72178e0533_04-18-week1-PASSING_AND_PASSING,66,2,68
362005307,batfish/batfish,02/09/18 03:52,spirals-bears,c528381b-1d5b-4a22-a74f-ab72178e0533_04-18-week1-PASSING_AND_PASSING,67,0,67
362881445,batfish/batfish,02/09/18 03:53,spirals-bears,c528381b-1d5b-4a22-a74f-ab72178e0533_04-18-week1-PASSING_AND_PASSING,91,0,2,0,132,1,226
362374102,batfish/batfish,02/09/18 03:53,spirals-bears,c528381b-1d5b-4a22-a74f-ab72178e0533_04-18-week1-PASSING_AND_PASSING,52,0,52
362719132,batfish/batfish,02/09/18 03:53,spirals-bears,c528381b-1d5b-4a22-a74f-ab72178e0533_04-18-week1-PASSING_AND_PASSING,54,0,7,0,0,157,0,3,221
361321955,batfish/batfish,02/09/18 03:54,spirals-bears,c528381b-1d5b-4a22-a74f-ab72178e0533_04-18-week1-PASSING_AND_PASSING,60,0,60
361321978,batfish/batfish,02/09/18 03:54,spirals-bears,c528381b-1d5b-4a22-a74f-ab72178e0533_04-18-week1-PASSING_AND_PASSING,52,3,55
362319681,batfish/batfish,02/09/18 03:56,spirals-bears,c528381b-1d5b-4a22-a74f-ab72178e0533_04-18-week1-PASSING_AND_PASSING,64,3,67
362372480,batfish/batfish,02/09/18 03:56,spirals-bears,c528381b-1d5b-4a22-a74f-ab72178e0533_04-18-week1-PASSING_AND_PASSING,59,0,0,0,120,2,181
362347493,batfish/batfish,02/09/18 03:56,spirals-bears,c528381b-1d5b-4a22-a74f-ab72178e0533_04-18-week1-PASSING_AND_PASSING,57,0,8,1,0,157,0,2,225
360062581,batfish/batfish,02/09/18 03:57,spirals-bears,c528381b-1d5b-4a22-a74f-ab72178e0533_04-18-week1-PASSING_AND_PASSING,51,0,51
360062619,batfish/batfish,02/09/18 03:57,spirals-bears,c528381b-1d5b-4a22-a74f-ab72178e0533_04-18-week1-PASSING_AND_PASSING,55,3,58
362322717,batfish/batfish,02/09/18 03:58,spirals-bears,c528381b-1d5b-4a22-a74f-ab72178e0533_04-18-week1-PASSING_AND_PASSING,53,0,8,1,0,156,0,2,220
361241345,batfish/batfish,02/09/18 03:58,spirals-bears,c528381b-1d5b-4a22-a74f-ab72178e0533_04-18-week1-PASSING_AND_PASSING,53,0,53
362315513,batfish/batfish,02/09/18 03:59,spirals-bears,c528381b-1d5b-4a22-a74f-ab72178e0533_04-18-week1-PASSING_AND_PASSING,53,0,0,0,111,3,167
361284634,batfish/batfish,02/09/18 03:59,spirals-bears,c528381b-1d5b-4a22-a74f-ab72178e0533_04-18-week1-PASSING_AND_PASSING,52,0,1,0,48,2,103
361241349,batfish/batfish,02/09/18 03:59,spirals-bears,c528381b-1d5b-4a22-a74f-ab72178e0533_04-18-week1-PASSING_AND_PASSING,53,2,55
360390123,batfish/batfish,02/09/18 03:59,spirals-bears,c528381b-1d5b-4a22-a74f-ab72178e0533_04-18-week1-PASSING_AND_PASSING,51,0,51
360390136,batfish/batfish,02/09/18 04:00,spirals-bears,c528381b-1d5b-4a22-a74f-ab72178e0533_04-18-week1-PASSING_AND_PASSING,55,3,58
360516762,batfish/batfish,02/09/18 04:00,spirals-bears,c528381b-1d5b-4a22-a74f-ab72178e0533_04-18-week1-PASSING_AND_PASSING,60,0,60
360517659,batfish/batfish,02/09/18 04:01,spirals-bears,c528381b-1d5b-4a22-a74f-ab72178e0533_04-18-week1-PASSING_AND_PASSING,87,2,89
361548578,apache/incubator-servicecomb-java-chassis,02/09/18 04:02,spirals-bears,c528381b-1d5b-4a22-a74f-ab72178e0533_04-18-week1-PASSING_AND_PASSING,9,1,6,5,41,5,67
361954065,apache/incubator-servicecomb-java-chassis,02/09/18 04:02,spirals-bears,c528381b-1d5b-4a22-a74f-ab72178e0533_04-18-week1-PASSING_AND_PASSING,8,1,6,5,4,24
361545204,apache/incubator-servicecomb-java-chassis,02/09/18 04:03,spirals-bears,c528381b-1d5b-4a22-a74f-ab72178e0533_04-18-week1-PASSING_AND_PASSING,9,3,12
362186890,matsim-org/matsim,02/09/18 04:03,spirals-bears,c528381b-1d5b-4a22-a74f-ab72178e0533_04-18-week1-PASSING_AND_PASSING,184,0,184
361497967,apache/incubator-servicecomb-java-chassis,02/09/18 04:07,spirals-bears,c528381b-1d5b-4a22-a74f-ab72178e0533_04-18-week1-PASSING_AND_PASSING,8,1,5,0,198,1,213
359438278,runelite/runelite,02/09/18 04:07,spirals-bears,c528381b-1d5b-4a22-a74f-ab72178e0533_04-18-week1-PASSING_AND_PASSING,10,0,10
360888933,runelite/runelite,02/09/18 04:07,spirals-bears,c528381b-1d5b-4a22-a74f-ab72178e0533_04-18-week1-PASSING_AND_PASSING,10,3,13
360330912,runelite/runelite,02/09/18 04:08,spirals-bears,c528381b-1d5b-4a22-a74f-ab72178e0533_04-18-week1-PASSING_AND_PASSING,11,0,11
360795177,runelite/runelite,02/09/18 04:08,spirals-bears,c528381b-1d5b-4a22-a74f-ab72178e0533_04-18-week1-PASSING_AND_PASSING,10,0,10
360665719,runelite/runelite,02/09/18 04:08,spirals-bears,c528381b-1d5b-4a22-a74f-ab72178e0533_04-18-week1-PASSING_AND_PASSING,12,0,12
357210762,runelite/runelite,02/09/18 04:09,spirals-bears,c528381b-1d5b-4a22-a74f-ab72178e0533_04-18-week1-PASSING_AND_PASSING,11,14,25
360756527,runelite/runelite,02/09/18 04:09,spirals-bears,c528381b-1d5b-4a22-a74f-ab72178e0533_04-18-week1-PASSING_AND_PASSING,10,0,10
358468173,runelite/runelite,02/09/18 04:10,spirals-bears,c528381b-1d5b-4a22-a74f-ab72178e0533_04-18-week1-PASSING_AND_PASSING,10,0,10
360681727,runelite/runelite,02/09/18 04:10,spirals-bears,c528381b-1d5b-4a22-a74f-ab72178e0533_04-18-week1-PASSING_AND_PASSING,17,0,17
360768831,runelite/runelite,02/09/18 04:10,spirals-bears,c528381b-1d5b-4a22-a74f-ab72178e0533_04-18-week1-PASSING_AND_PASSING,11,1,12
359649058,runelite/runelite,02/09/18 04:11,spirals-bears,c528381b-1d5b-4a22-a74f-ab72178e0533_04-18-week1-PASSING_AND_PASSING,11,0,11
358631953,runelite/runelite,02/09/18 04:11,spirals-bears,c528381b-1d5b-4a22-a74f-ab72178e0533_04-18-week1-PASSING_AND_PASSING,10,0,10
360910481,runelite/runelite,02/09/18 04:11,spirals-bears,c528381b-1d5b-4a22-a74f-ab72178e0533_04-18-week1-PASSING_AND_PASSING,11,0,11
360664614,runelite/runelite,02/09/18 04:12,spirals-bears,c528381b-1d5b-4a22-a74f-ab72178e0533_04-18-week1-PASSING_AND_PASSING,11,0,11
360497627,runelite/runelite,02/09/18 04:12,spirals-bears,c528381b-1d5b-4a22-a74f-ab72178e0533_04-18-week1-PASSING_AND_PASSING,11,0,11
360876147,runelite/runelite,02/09/18 04:12,spirals-bears,c528381b-1d5b-4a22-a74f-ab72178e0533_04-18-week1-PASSING_AND_PASSING,10,3,13
360883266,runelite/runelite,02/09/18 04:13,spirals-bears,c528381b-1d5b-4a22-a74f-ab72178e0533_04-18-week1-PASSING_AND_PASSING,12,0,12
359175417,runelite/runelite,02/09/18 04:13,spirals-bears,c528381b-1d5b-4a22-a74f-ab72178e0533_04-18-week1-PASSING_AND_PASSING,11,0,11
358946441,runelite/runelite,02/09/18 04:13,spirals-bears,c528381b-1d5b-4a22-a74f-ab72178e0533_04-18-week1-PASSING_AND_PASSING,10,0,10
360872574,runelite/runelite,02/09/18 04:14,spirals-bears,c528381b-1d5b-4a22-a74f-ab72178e0533_04-18-week1-PASSING_AND_PASSING,11,3,14
360794112,runelite/runelite,02/09/18 04:14,spirals-bears,c528381b-1d5b-4a22-a74f-ab72178e0533_04-18-week1-PASSING_AND_PASSING,10,0,10
360847378,apache/incubator-servicecomb-java-chassis,02/09/18 04:14,spirals-bears,c528381b-1d5b-4a22-a74f-ab72178e0533_04-18-week1-PASSING_AND_PASSING,9,1,400,5,0,211,1,1,628
360736939,runelite/runelite,02/09/18 04:14,spirals-bears,c528381b-1d5b-4a22-a74f-ab72178e0533_04-18-week1-PASSING_AND_PASSING,10,0,10
362656421,apache/storm,02/09/18 04:15,spirals-bears,c528381b-1d5b-4a22-a74f-ab72178e0533_04-18-week1-PASSING_AND_PASSING,38,0,2,4,5,49
361251995,apache/storm,02/09/18 04:16,spirals-bears,c528381b-1d5b-4a22-a74f-ab72178e0533_04-18-week1-PASSING_AND_PASSING,52,0,2,5,5,64
361187678,apache/storm,02/09/18 04:17,spirals-bears,c528381b-1d5b-4a22-a74f-ab72178e0533_04-18-week1-PASSING_AND_PASSING,38,2,40
361179595,apache/storm,02/09/18 04:19,spirals-bears,c528381b-1d5b-4a22-a74f-ab72178e0533_04-18-week1-PASSING_AND_PASSING,35,0,2,0,55,1,93
354688635,apache/storm,02/09/18 04:20,spirals-bears,c528381b-1d5b-4a22-a74f-ab72178e0533_04-18-week1-PASSING_AND_PASSING,65,2,67
360822146,apache/storm,02/09/18 04:21,spirals-bears,c528381b-1d5b-4a22-a74f-ab72178e0533_04-18-week1-PASSING_AND_PASSING,36,0,2,4,7,49
360805013,apache/storm,02/09/18 04:22,spirals-bears,c528381b-1d5b-4a22-a74f-ab72178e0533_04-18-week1-PASSING_AND_PASSING,41,6,47
362626675,apache/activemq-artemis,02/09/18 04:24,spirals-bears,c528381b-1d5b-4a22-a74f-ab72178e0533_04-18-week1-PASSING_AND_PASSING,27,0,1,1,56,2,87
362530046,apache/activemq-artemis,02/09/18 04:25,spirals-bears,c528381b-1d5b-4a22-a74f-ab72178e0533_04-18-week1-PASSING_AND_PASSING,29,0,1,6,13,49
361630913,apache/activemq-artemis,02/09/18 04:26,spirals-bears,c528381b-1d5b-4a22-a74f-ab72178e0533_04-18-week1-PASSING_AND_PASSING,31,5,36
362422648,apache/activemq-artemis,02/09/18 04:27,spirals-bears,c528381b-1d5b-4a22-a74f-ab72178e0533_04-18-week1-PASSING_AND_PASSING,28,47,75
363487033,matsim-org/matsim,02/09/18 04:30,spirals-bears,c528381b-1d5b-4a22-a74f-ab72178e0533_04-18-week1-PASSING_AND_PASSING,228,0,0,1,1565,1,1795
362344444,apache/activemq-artemis,02/09/18 04:30,spirals-bears,c528381b-1d5b-4a22-a74f-ab72178e0533_04-18-week1-PASSING_AND_PASSING,40,0,1,1,113,1,156
362348749,apache/activemq-artemis,02/09/18 04:31,spirals-bears,c528381b-1d5b-4a22-a74f-ab72178e0533_04-18-week1-PASSING_AND_PASSING,28,0,1,5,46,80
362348078,apache/activemq-artemis,02/09/18 04:32,spirals-bears,c528381b-1d5b-4a22-a74f-ab72178e0533_04-18-week1-PASSING_AND_PASSING,30,46,76
363447490,matsim-org/matsim,02/09/18 04:32,spirals-bears,c528381b-1d5b-4a22-a74f-ab72178e0533_04-18-week1-PASSING_AND_PASSING,167,0,0,1,1761,2,1931
362301917,apache/activemq-artemis,02/09/18 04:33,spirals-bears,c528381b-1d5b-4a22-a74f-ab72178e0533_04-18-week1-PASSING_AND_PASSING,28,0,1,4,51,84
362259228,apache/activemq-artemis,02/09/18 04:34,spirals-bears,c528381b-1d5b-4a22-a74f-ab72178e0533_04-18-week1-PASSING_AND_PASSING,29,68,97
362133348,apache/activemq-artemis,02/09/18 04:45,spirals-bears,c528381b-1d5b-4a22-a74f-ab72178e0533_04-18-week1-PASSING_AND_PASSING,30,0,325,1,1,460,1,1,819
361915041,apache/activemq-artemis,02/09/18 04:47,spirals-bears,c528381b-1d5b-4a22-a74f-ab72178e0533_04-18-week1-PASSING_AND_PASSING,28,0,316,1,1,471,1,1,819
361201423,apache/storm,02/09/18 04:48,spirals-bears,c528381b-1d5b-4a22-a74f-ab72178e0533_04-18-week1-PASSING_AND_PASSING,7,0,0,30,1,2,25,0,647,1,1,522,0,38,16,682,1972
363224072,linkedin/pinot,02/09/18 04:48,spirals-bears,c528381b-1d5b-4a22-a74f-ab72178e0533_04-18-week1-PASSING_AND_PASSING,37,7,44
361680419,apache/activemq-artemis,02/09/18 04:48,spirals-bears,c528381b-1d5b-4a22-a74f-ab72178e0533_04-18-week1-PASSING_AND_PASSING,28,0,315,1,1,483,1,1,830
362997353,linkedin/pinot,02/09/18 04:49,spirals-bears,c528381b-1d5b-4a22-a74f-ab72178e0533_04-18-week1-PASSING_AND_PASSING,43,4,47
362423176,linkedin/pinot,02/09/18 04:49,spirals-bears,c528381b-1d5b-4a22-a74f-ab72178e0533_04-18-week1-PASSING_AND_PASSING,37,3,40
362998308,linkedin/pinot,02/09/18 04:49,spirals-bears,c528381b-1d5b-4a22-a74f-ab72178e0533_04-18-week1-PASSING_AND_PASSING,38,3,41
362817636,linkedin/pinot,02/09/18 04:50,spirals-bears,c528381b-1d5b-4a22-a74f-ab72178e0533_04-18-week1-PASSING_AND_PASSING,40,5,45
362781409,linkedin/pinot,02/09/18 04:50,spirals-bears,c528381b-1d5b-4a22-a74f-ab72178e0533_04-18-week1-PASSING_AND_PASSING,41,7,48
362413651,linkedin/pinot,02/09/18 04:51,spirals-bears,c528381b-1d5b-4a22-a74f-ab72178e0533_04-18-week1-PASSING_AND_PASSING,36,6,42
361851188,linkedin/pinot,02/09/18 04:52,spirals-bears,c528381b-1d5b-4a22-a74f-ab72178e0533_04-18-week1-PASSING_AND_PASSING,40,4,44
360104895,linkedin/pinot,02/09/18 04:53,spirals-bears,c528381b-1d5b-4a22-a74f-ab72178e0533_04-18-week1-PASSING_AND_PASSING,50,3,53
362356804,linkedin/pinot,02/09/18 04:54,spirals-bears,c528381b-1d5b-4a22-a74f-ab72178e0533_04-18-week1-PASSING_AND_PASSING,36,0,0,1,220,1,258
361408298,linkedin/pinot,02/09/18 04:55,spirals-bears,c528381b-1d5b-4a22-a74f-ab72178e0533_04-18-week1-PASSING_AND_PASSING,56,3,59
361416388,linkedin/pinot,02/09/18 04:56,spirals-bears,c528381b-1d5b-4a22-a74f-ab72178e0533_04-18-week1-PASSING_AND_PASSING,35,3,38
356628619,linkedin/pinot,02/09/18 04:57,spirals-bears,c528381b-1d5b-4a22-a74f-ab72178e0533_04-18-week1-PASSING_AND_PASSING,37,7,44
360381023,linkedin/pinot,02/09/18 04:58,spirals-bears,c528381b-1d5b-4a22-a74f-ab72178e0533_04-18-week1-PASSING_AND_PASSING,35,3,38
361391204,linkedin/pinot,02/09/18 04:59,spirals-bears,c528381b-1d5b-4a22-a74f-ab72178e0533_04-18-week1-PASSING_AND_PASSING,39,0,2,1,343,1,386
361845345,Azure/azure-libraries-for-java,02/09/18 05:00,spirals-bears,c528381b-1d5b-4a22-a74f-ab72178e0533_04-18-week1-PASSING_AND_PASSING,62,0,0,2,68,3,135
361079331,Azure/azure-libraries-for-java,02/09/18 05:03,spirals-bears,c528381b-1d5b-4a22-a74f-ab72178e0533_04-18-week1-PASSING_AND_PASSING,61,0,1,5,97,10,174
360802782,Azure/azure-libraries-for-java,02/09/18 05:08,spirals-bears,c528381b-1d5b-4a22-a74f-ab72178e0533_04-18-week1-PASSING_AND_PASSING,10,0,0,92,0,1,21,0,91,0,0,81,0,78,19,100,493
361301615,raphw/byte-buddy,02/09/18 05:09,spirals-bears,c528381b-1d5b-4a22-a74f-ab72178e0533_04-18-week1-PASSING_AND_PASSING,246,0,0,1,65,0,312
363517011,graphhopper/graphhopper,02/09/18 05:09,spirals-bears,c528381b-1d5b-4a22-a74f-ab72178e0533_04-18-week1-PASSING_AND_PASSING,28,3,31
363489366,graphhopper/graphhopper,02/09/18 05:10,spirals-bears,c528381b-1d5b-4a22-a74f-ab72178e0533_04-18-week1-PASSING_AND_PASSING,18,0,0,0,29,0,47
358820875,graphhopper/graphhopper,02/09/18 05:13,spirals-bears,c528381b-1d5b-4a22-a74f-ab72178e0533_04-18-week1-PASSING_AND_PASSING,18,0,71,0,2,108,0,0,199
351232965,graphhopper/graphhopper,02/09/18 05:15,spirals-bears,c528381b-1d5b-4a22-a74f-ab72178e0533_04-18-week1-PASSING_AND_PASSING,10,3,0,0,8,42,0,0,3,0,64,0,0,0,52,0,18,4,4,121,329
362737899,HubSpot/Singularity,02/09/18 05:16,spirals-bears,c528381b-1d5b-4a22-a74f-ab72178e0533_04-18-week1-PASSING_AND_PASSING,17,0,1,4,146,3,171
362678857,HubSpot/Singularity,02/09/18 05:19,spirals-bears,c528381b-1d5b-4a22-a74f-ab72178e0533_04-18-week1-PASSING_AND_PASSING,17,0,1,0,143,0,161
362678886,HubSpot/Singularity,02/09/18 05:22,spirals-bears,c528381b-1d5b-4a22-a74f-ab72178e0533_04-18-week1-PASSING_AND_PASSING,17,0,1,4,153,2,177
362274823,HubSpot/Singularity,02/09/18 05:25,spirals-bears,c528381b-1d5b-4a22-a74f-ab72178e0533_04-18-week1-PASSING_AND_PASSING,20,0,1,0,142,0,163
362667837,HubSpot/Singularity,02/09/18 05:29,spirals-bears,c528381b-1d5b-4a22-a74f-ab72178e0533_04-18-week1-PASSING_AND_PASSING,17,0,2,4,160,3,186
362209771,HubSpot/Singularity,02/09/18 05:32,spirals-bears,c528381b-1d5b-4a22-a74f-ab72178e0533_04-18-week1-PASSING_AND_PASSING,18,0,1,0,165,0,184
362643208,HubSpot/Singularity,02/09/18 05:36,spirals-bears,c528381b-1d5b-4a22-a74f-ab72178e0533_04-18-week1-PASSING_AND_PASSING,19,0,1,5,167,3,195
362716914,HubSpot/Singularity,02/09/18 05:37,spirals-bears,c528381b-1d5b-4a22-a74f-ab72178e0533_04-18-week1-PASSING_AND_PASSING,11,0,0,294,0,1,3,0,316,0,0,338,0,21,6,348,1338
362612112,HubSpot/Singularity,02/09/18 05:38,spirals-bears,c528381b-1d5b-4a22-a74f-ab72178e0533_04-18-week1-PASSING_AND_PASSING,18,0,1,0,141,0,160
362225874,HubSpot/Singularity,02/09/18 05:41,spirals-bears,c528381b-1d5b-4a22-a74f-ab72178e0533_04-18-week1-PASSING_AND_PASSING,18,0,1,0,160,0,179
362225949,HubSpot/Singularity,02/09/18 05:42,spirals-bears,c528381b-1d5b-4a22-a74f-ab72178e0533_04-18-week1-PASSING_AND_PASSING,20,0,1,4,150,3,178
360302731,HubSpot/Singularity,02/09/18 05:44,spirals-bears,c528381b-1d5b-4a22-a74f-ab72178e0533_04-18-week1-PASSING_AND_PASSING,17,0,1,0,145,0,163
360302580,HubSpot/Singularity,02/09/18 05:45,spirals-bears,c528381b-1d5b-4a22-a74f-ab72178e0533_04-18-week1-PASSING_AND_PASSING,16,0,1,0,149,0,166
360460616,HubSpot/Singularity,02/09/18 05:45,spirals-bears,c528381b-1d5b-4a22-a74f-ab72178e0533_04-18-week1-PASSING_AND_PASSING,18,0,1,0,54,0,73
363044717,molgenis/molgenis,02/09/18 05:49,spirals-bears,c528381b-1d5b-4a22-a74f-ab72178e0533_04-18-week1-PASSING_AND_PASSING,42,0,2,1,158,2,205
361971476,magefree/mage,02/09/18 06:05,spirals-bears,c528381b-1d5b-4a22-a74f-ab72178e0533_04-18-week1-PASSING_AND_PASSING,9,0,1,252,0,1,38,0,164,2,1,40,1,254,25,373,1161
362989296,molgenis/molgenis,02/09/18 06:06,spirals-bears,c528381b-1d5b-4a22-a74f-ab72178e0533_04-18-week1-PASSING_AND_PASSING,41,0,2,1,43,1,88
361999698,molgenis/molgenis,02/09/18 06:07,spirals-bears,c528381b-1d5b-4a22-a74f-ab72178e0533_04-18-week1-PASSING_AND_PASSING,40,8,48
363343596,linkedin/pinot,02/09/18 06:12,spirals-bears,c528381b-1d5b-4a22-a74f-ab72178e0533_04-18-week1-PASSING_AND_PASSING,9,36,0,0,19,873,0,1,33,0,3522,0,1,1,94,0,37,69,33,437,5165
362479136,molgenis/molgenis,02/09/18 06:18,spirals-bears,c528381b-1d5b-4a22-a74f-ab72178e0533_04-18-week1-PASSING_AND_PASSING,53,0,1,5,301,9,369
362612628,molgenis/molgenis,02/09/18 06:19,spirals-bears,c528381b-1d5b-4a22-a74f-ab72178e0533_04-18-week1-PASSING_AND_PASSING,45,0,1,4,9,59
362510219,molgenis/molgenis,02/09/18 06:25,spirals-bears,c528381b-1d5b-4a22-a74f-ab72178e0533_04-18-week1-PASSING_AND_PASSING,40,0,3,0,287,1,331
362996278,molgenis/molgenis,02/09/18 06:49,spirals-bears,c528381b-1d5b-4a22-a74f-ab72178e0533_04-18-week1-PASSING_AND_PASSING,13,86,0,0,18,764,8,2,106,0,1054,0,5,2,434,3,40,159,115,771,3580
362517584,molgenis/molgenis,02/09/18 06:58,spirals-bears,c528381b-1d5b-4a22-a74f-ab72178e0533_04-18-week1-PASSING_AND_PASSING,12,100,0,0,29,160,1,1,193,0,1049,0,3,2,424,2,39,142,118,772,3047
362500943,molgenis/molgenis,02/09/18 06:59,spirals-bears,c528381b-1d5b-4a22-a74f-ab72178e0533_04-18-week1-PASSING_AND_PASSING,45,0,1209,7,1,760,4,2,2028
362821354,linkedin/pinot,02/09/18 07:00,spirals-bears,c528381b-1d5b-4a22-a74f-ab72178e0533_04-18-week1-PASSING_AND_PASSING,12,38,0,0,22,3468,8,1,45,0,3541,0,1,1,90,1,38,129,38,424,7857
361617827,algolia/algoliasearch-client-java-2,02/09/18 07:01,spirals-bears,c528381b-1d5b-4a22-a74f-ab72178e0533_04-18-week1-PASSING_AND_PASSING,5,2,7
361552521,molgenis/molgenis,02/09/18 07:01,spirals-bears,c528381b-1d5b-4a22-a74f-ab72178e0533_04-18-week1-PASSING_AND_PASSING,42,0,1,5,9,57
362147888,visallo/vertexium,02/09/18 07:04,spirals-bears,c528381b-1d5b-4a22-a74f-ab72178e0533_04-18-week1-PASSING_AND_PASSING,12,0,14,1,0,161,0,0,188
362342715,visallo/vertexium,02/09/18 07:04,spirals-bears,c528381b-1d5b-4a22-a74f-ab72178e0533_04-18-week1-PASSING_AND_PASSING,9,0,12,1,0,158,0,0,180
359532788,visallo/vertexium,02/09/18 07:04,spirals-bears,c528381b-1d5b-4a22-a74f-ab72178e0533_04-18-week1-PASSING_AND_PASSING,9,2,11
362280721,visallo/vertexium,02/09/18 07:08,spirals-bears,c528381b-1d5b-4a22-a74f-ab72178e0533_04-18-week1-PASSING_AND_PASSING,7,0,14,0,0,179,0,0,200
361695407,visallo/vertexium,02/09/18 07:08,spirals-bears,c528381b-1d5b-4a22-a74f-ab72178e0533_04-18-week1-PASSING_AND_PASSING,12,0,11,0,0,192,0,0,215
360836433,languagetool-org/languagetool,02/09/18 07:40,spirals-bears,c528381b-1d5b-4a22-a74f-ab72178e0533_04-18-week1-PASSING_AND_PASSING,16,93,0,0,43,225,1,0,69,0,818,0,2,0,102,0,275,72,48,138,1902
363428272,languagetool-org/languagetool,02/09/18 07:40,spirals-bears,c528381b-1d5b-4a22-a74f-ab72178e0533_04-18-week1-PASSING_AND_PASSING,15,99,0,0,46,243,0,1,42,0,848,1,6,0,92,0,279,75,70,123,1940
361993202,molgenis/molgenis,02/09/18 07:43,spirals-bears,c528381b-1d5b-4a22-a74f-ab72178e0533_04-18-week1-PASSING_AND_PASSING,10,133,0,0,16,75,19,1,81,0,1164,0,3,2,453,4,38,360,76,801,3236
361210220,molgenis/molgenis,02/09/18 07:54,spirals-bears,c528381b-1d5b-4a22-a74f-ab72178e0533_04-18-week1-PASSING_AND_PASSING,22,86,0,0,16,210,1,2,179,0,1090,0,6,2,424,2,45,170,314,735,3304
362523526,apache/incubator-dubbo,02/09/18 07:55,spirals-bears,c528381b-1d5b-4a22-a74f-ab72178e0533_04-18-week1-PASSING_AND_PASSING,10,0,229,2,6,581,0,6,834
358251170,apache/incubator-dubbo,02/09/18 07:55,spirals-bears,c528381b-1d5b-4a22-a74f-ab72178e0533_04-18-week1-PASSING_AND_PASSING,9,0,9
361509466,apache/incubator-dubbo,02/09/18 07:55,spirals-bears,c528381b-1d5b-4a22-a74f-ab72178e0533_04-18-week1-PASSING_AND_PASSING,8,0,8
362130283,apache/incubator-dubbo,02/09/18 07:58,spirals-bears,c528381b-1d5b-4a22-a74f-ab72178e0533_04-18-week1-PASSING_AND_PASSING,8,0,192,2,0,604,0,1,807
340064721,apache/incubator-dubbo,02/09/18 07:58,spirals-bears,c528381b-1d5b-4a22-a74f-ab72178e0533_04-18-week1-PASSING_AND_PASSING,9,0,1,5,21,6,42
326550181,ga4gh/dockstore,02/09/18 08:01,spirals-bears,c528381b-1d5b-4a22-a74f-ab72178e0533_04-18-week1-PASSING_AND_PASSING,9,0,0,0,151,0,160
362217789,ga4gh/dockstore,02/09/18 08:02,spirals-bears,c528381b-1d5b-4a22-a74f-ab72178e0533_04-18-week1-PASSING_AND_PASSING,9,2,11
361659622,ga4gh/dockstore,02/09/18 08:02,spirals-bears,c528381b-1d5b-4a22-a74f-ab72178e0533_04-18-week1-PASSING_AND_PASSING,9,0,9
359564278,ga4gh/dockstore,02/09/18 08:02,spirals-bears,c528381b-1d5b-4a22-a74f-ab72178e0533_04-18-week1-PASSING_AND_PASSING,11,2,13
362021566,apache/incubator-dubbo,02/09/18 08:08,spirals-bears,c528381b-1d5b-4a22-a74f-ab72178e0533_04-18-week1-PASSING_AND_PASSING,9,0,198,1,5,583,0,6,802
361632938,apache/incubator-dubbo,02/09/18 08:09,spirals-bears,c528381b-1d5b-4a22-a74f-ab72178e0533_04-18-week1-PASSING_AND_PASSING,8,0,205,1,0,585,0,1,800
360640340,languagetool-org/languagetool,02/09/18 08:09,spirals-bears,c528381b-1d5b-4a22-a74f-ab72178e0533_04-18-week1-PASSING_AND_PASSING,9,39,0,0,26,206,0,1,37,0,822,0,0,0,70,0,290,35,41,108,1684
362204642,apache/jackrabbit-oak,02/09/18 08:12,spirals-bears,c528381b-1d5b-4a22-a74f-ab72178e0533_04-18-week1-PASSING_AND_PASSING,36,0,3,0,108,2,149
362694708,apache/jackrabbit-oak,02/09/18 08:50,spirals-bears,c528381b-1d5b-4a22-a74f-ab72178e0533_04-18-week1-PASSING_AND_PASSING,9,0,0,60,1,2,9,0,1840,0,0,362,0,37,15,483,2818
361418830,airlift/airlift,02/09/18 09:04,spirals-bears,c528381b-1d5b-4a22-a74f-ab72178e0533_04-18-week1-PASSING_AND_PASSING,8,1,0,0,5,164,0,1,1,0,289,0,0,0,114,0,11,2,1,235,832
362173144,apache/jackrabbit-oak,02/09/18 09:05,spirals-bears,c528381b-1d5b-4a22-a74f-ab72178e0533_04-18-week1-PASSING_AND_PASSING,8,0,0,432,1,2,13,0,1823,1,1,379,0,44,15,451,3170
362636128,apache/jackrabbit-oak,02/09/18 09:06,spirals-bears,c528381b-1d5b-4a22-a74f-ab72178e0533_04-18-week1-PASSING_AND_PASSING,11,0,0,1796,2,20,0,667,0,1,378,0,38,23,466,3402
359646931,airlift/airlift,02/09/18 09:13,spirals-bears,c528381b-1d5b-4a22-a74f-ab72178e0533_04-18-week1-PASSING_AND_PASSING,13,0,290,1,0,261,0,0,565
363358309,openzipkin/zipkin,02/09/18 09:14,spirals-bears,c528381b-1d5b-4a22-a74f-ab72178e0533_04-18-week1-PASSING_AND_PASSING,27,0,27
363433007,openzipkin/zipkin,02/09/18 09:19,spirals-bears,c528381b-1d5b-4a22-a74f-ab72178e0533_04-18-week1-PASSING_AND_PASSING,9,6,0,0,6,124,0,2,4,0,201,0,0,0,148,0,25,5,5,288,823
362186151,resteasy/Resteasy,02/09/18 09:20,spirals-bears,c528381b-1d5b-4a22-a74f-ab72178e0533_04-18-week1-PASSING_AND_PASSING,20,2,2,24
361549475,openzipkin/zipkin,02/09/18 09:20,spirals-bears,c528381b-1d5b-4a22-a74f-ab72178e0533_04-18-week1-PASSING_AND_PASSING,7,5,0,0,6,130,0,2,5,0,205,0,0,0,150,0,25,5,6,277,823
362749821,resteasy/Resteasy,02/09/18 09:20,spirals-bears,c528381b-1d5b-4a22-a74f-ab72178e0533_04-18-week1-PASSING_AND_PASSING,20,6,26
359759208,resteasy/Resteasy,02/09/18 09:21,spirals-bears,c528381b-1d5b-4a22-a74f-ab72178e0533_04-18-week1-PASSING_AND_PASSING,18,2,1,21
359408289,resteasy/Resteasy,02/09/18 09:21,spirals-bears,c528381b-1d5b-4a22-a74f-ab72178e0533_04-18-week1-PASSING_AND_PASSING,19,2,1,22
362666250,apache/jackrabbit-oak,02/09/18 09:22,spirals-bears,c528381b-1d5b-4a22-a74f-ab72178e0533_04-18-week1-PASSING_AND_PASSING,14,0,0,1706,1,2,24,0,1757,1,2,392,0,37,20,455,4411
360197777,openzipkin/zipkin,02/09/18 09:23,spirals-bears,c528381b-1d5b-4a22-a74f-ab72178e0533_04-18-week1-PASSING_AND_PASSING,24,0,211,2,0,288,0,0,525
361130645,pgjdbc/pgjdbc,02/09/18 09:24,spirals-bears,c528381b-1d5b-4a22-a74f-ab72178e0533_04-18-week1-PASSING_AND_PASSING,11,0,2,42,2,0,4,0,39,6,2,16,2,9,5,42,182
359351814,pgjdbc/pgjdbc,02/09/18 09:24,spirals-bears,c528381b-1d5b-4a22-a74f-ab72178e0533_04-18-week1-PASSING_AND_PASSING,10,0,2,41,1,0,3,0,41,6,2,16,2,9,4,41,178
363110603,geoserver/geoserver,02/09/18 09:27,spirals-bears,c528381b-1d5b-4a22-a74f-ab72178e0533_04-18-week1-PASSING_AND_PASSING,57,0,2,2,172,6,239
362712647,geoserver/geoserver,02/09/18 09:28,spirals-bears,c528381b-1d5b-4a22-a74f-ab72178e0533_04-18-week1-PASSING_AND_PASSING,59,0,1,4,127,8,199
361735978,geoserver/geoserver,02/09/18 09:28,spirals-bears,c528381b-1d5b-4a22-a74f-ab72178e0533_04-18-week1-PASSING_AND_PASSING,68,0,1,9,130,10,218
361734611,geoserver/geoserver,02/09/18 09:28,spirals-bears,c528381b-1d5b-4a22-a74f-ab72178e0533_04-18-week1-PASSING_AND_PASSING,57,0,1,6,10,74
361734570,geoserver/geoserver,02/09/18 09:29,spirals-bears,c528381b-1d5b-4a22-a74f-ab72178e0533_04-18-week1-PASSING_AND_PASSING,58,0,1,0,5,64
361734097,geoserver/geoserver,02/09/18 09:29,spirals-bears,c528381b-1d5b-4a22-a74f-ab72178e0533_04-18-week1-PASSING_AND_PASSING,57,3,60
362591935,aicis/fresco,02/09/18 09:30,spirals-bears,c528381b-1d5b-4a22-a74f-ab72178e0533_04-18-week1-PASSING_AND_PASSING,10,0,0,0,28,0,38
362972994,aicis/fresco,02/09/18 09:30,spirals-bears,c528381b-1d5b-4a22-a74f-ab72178e0533_04-18-week1-PASSING_AND_PASSING,11,0,0,5,26,3,45
362972967,aicis/fresco,02/09/18 09:31,spirals-bears,c528381b-1d5b-4a22-a74f-ab72178e0533_04-18-week1-PASSING_AND_PASSING,9,0,0,0,27,0,36
360181165,geoserver/geoserver,02/09/18 09:32,spirals-bears,c528381b-1d5b-4a22-a74f-ab72178e0533_04-18-week1-PASSING_AND_PASSING,62,0,1,3,126,7,199
363031903,geoserver/geoserver,02/09/18 09:51,spirals-bears,c528381b-1d5b-4a22-a74f-ab72178e0533_04-18-week1-PASSING_AND_PASSING,14,0,1,371,1,2,32,0,471,1,0,43,0,64,26,646,1672
362824869,aicis/fresco,02/09/18 09:54,spirals-bears,c528381b-1d5b-4a22-a74f-ab72178e0533_04-18-week1-PASSING_AND_PASSING,9,0,1251,0,4,101,0,3,1368
362587823,aicis/fresco,02/09/18 09:56,spirals-bears,c528381b-1d5b-4a22-a74f-ab72178e0533_04-18-week1-PASSING_AND_PASSING,9,0,1324,0,4,99,0,3,1439
362824867,aicis/fresco,02/09/18 10:01,spirals-bears,c528381b-1d5b-4a22-a74f-ab72178e0533_04-18-week1-PASSING_AND_PASSING,8,5,0,0,7,339,0,0,4,0,1281,0,0,0,37,0,9,5,5,101,1801
362587817,aicis/fresco,02/09/18 10:15,spirals-bears,c528381b-1d5b-4a22-a74f-ab72178e0533_04-18-week1-PASSING_AND_PASSING,9,0,1313,0,0,98,0,0,1420
362534968,aicis/fresco,02/09/18 10:20,spirals-bears,c528381b-1d5b-4a22-a74f-ab72178e0533_04-18-week1-PASSING_AND_PASSING,9,0,1324,0,0,96,0,0,1429
362534984,aicis/fresco,02/09/18 10:25,spirals-bears,c528381b-1d5b-4a22-a74f-ab72178e0533_04-18-week1-PASSING_AND_PASSING,9,0,1305,0,5,100,0,3,1422
362581172,aicis/fresco,02/09/18 10:25,spirals-bears,c528381b-1d5b-4a22-a74f-ab72178e0533_04-18-week1-PASSING_AND_PASSING,8,6,0,0,7,387,0,1,4,0,1301,0,0,0,34,0,9,5,5,94,1861
362137643,aicis/fresco,02/09/18 10:44,spirals-bears,c528381b-1d5b-4a22-a74f-ab72178e0533_04-18-week1-PASSING_AND_PASSING,9,0,1306,0,4,99,0,3,1421
362137624,aicis/fresco,02/09/18 10:47,spirals-bears,c528381b-1d5b-4a22-a74f-ab72178e0533_04-18-week1-PASSING_AND_PASSING,9,5,0,0,8,377,0,0,5,0,1305,0,0,0,33,0,9,6,5,97,1859
362140143,aicis/fresco,02/09/18 10:48,spirals-bears,c528381b-1d5b-4a22-a74f-ab72178e0533_04-18-week1-PASSING_AND_PASSING,9,0,1279,0,1,94,0,0,1383
362140165,aicis/fresco,02/09/18 10:48,spirals-bears,c528381b-1d5b-4a22-a74f-ab72178e0533_04-18-week1-PASSING_AND_PASSING,8,0,1263,0,3,95,0,3,1372
362119553,aicis/fresco,02/09/18 10:49,spirals-bears,c528381b-1d5b-4a22-a74f-ab72178e0533_04-18-week1-PASSING_AND_PASSING,8,0,27,0,0,92,0,0,127
362119610,aicis/fresco,02/09/18 11:07,spirals-bears,c528381b-1d5b-4a22-a74f-ab72178e0533_04-18-week1-PASSING_AND_PASSING,8,0,1282,0,4,94,0,3,1391
362099299,aicis/fresco,02/09/18 11:11,spirals-bears,c528381b-1d5b-4a22-a74f-ab72178e0533_04-18-week1-PASSING_AND_PASSING,8,0,1268,1,5,93,0,4,1379
362115291,aicis/fresco,02/09/18 11:12,spirals-bears,c528381b-1d5b-4a22-a74f-ab72178e0533_04-18-week1-PASSING_AND_PASSING,8,0,1280,0,0,88,0,0,1376
362114139,aicis/fresco,02/09/18 11:31,spirals-bears,c528381b-1d5b-4a22-a74f-ab72178e0533_04-18-week1-PASSING_AND_PASSING,9,0,1286,0,0,89,0,0,1384
362099254,aicis/fresco,02/09/18 11:32,spirals-bears,c528381b-1d5b-4a22-a74f-ab72178e0533_04-18-week1-PASSING_AND_PASSING,10,5,0,0,7,1128,0,0,4,0,1301,0,0,0,34,0,9,6,5,89,2598
362097509,aicis/fresco,02/09/18 11:34,spirals-bears,c528381b-1d5b-4a22-a74f-ab72178e0533_04-18-week1-PASSING_AND_PASSING,9,0,1268,0,0,91,0,0,1368
362097430,aicis/fresco,02/09/18 11:35,spirals-bears,c528381b-1d5b-4a22-a74f-ab72178e0533_04-18-week1-PASSING_AND_PASSING,8,0,1272,0,4,92,0,3,1379
361973304,swagger-api/swagger-codegen,02/09/18 11:36,spirals-bears,c528381b-1d5b-4a22-a74f-ab72178e0533_04-18-week1-PASSING_AND_PASSING,35,0,0,7,6,48
363130546,swagger-api/swagger-codegen,02/09/18 11:37,spirals-bears,c528381b-1d5b-4a22-a74f-ab72178e0533_04-18-week1-PASSING_AND_PASSING,33,0,57,0,2,212,0,1,305
361167353,swagger-api/swagger-codegen,02/09/18 11:38,spirals-bears,c528381b-1d5b-4a22-a74f-ab72178e0533_04-18-week1-PASSING_AND_PASSING,34,0,0,8,66,7,115
363004411,swagger-api/swagger-codegen,02/09/18 11:39,spirals-bears,c528381b-1d5b-4a22-a74f-ab72178e0533_04-18-week1-PASSING_AND_PASSING,33,0,58,0,1,221,0,1,314
362002917,swagger-api/swagger-codegen,02/09/18 11:42,spirals-bears,c528381b-1d5b-4a22-a74f-ab72178e0533_04-18-week1-PASSING_AND_PASSING,32,0,53,0,2,224,0,1,312
362010749,swagger-api/swagger-codegen,02/09/18 11:44,spirals-bears,c528381b-1d5b-4a22-a74f-ab72178e0533_04-18-week1-PASSING_AND_PASSING,33,0,28,0,1,240,0,3,305
358045135,swagger-api/swagger-codegen,02/09/18 11:45,spirals-bears,c528381b-1d5b-4a22-a74f-ab72178e0533_04-18-week1-PASSING_AND_PASSING,33,0,25,0,8,236,0,9,311
361712825,swagger-api/swagger-codegen,02/09/18 11:46,spirals-bears,c528381b-1d5b-4a22-a74f-ab72178e0533_04-18-week1-PASSING_AND_PASSING,35,0,1,2,69,1,108
355557775,swagger-api/swagger-codegen,02/09/18 11:47,spirals-bears,c528381b-1d5b-4a22-a74f-ab72178e0533_04-18-week1-PASSING_AND_PASSING,33,5,38
361673795,swagger-api/swagger-codegen,02/09/18 11:48,spirals-bears,c528381b-1d5b-4a22-a74f-ab72178e0533_04-18-week1-PASSING_AND_PASSING,34,0,26,0,1,226,0,3,290
362780366,spring-cloud/spring-cloud-gcp,02/09/18 11:48,spirals-bears,c528381b-1d5b-4a22-a74f-ab72178e0533_04-18-week1-PASSING_AND_PASSING,4,2,6
362856892,spring-cloud/spring-cloud-gcp,02/09/18 11:48,spirals-bears,c528381b-1d5b-4a22-a74f-ab72178e0533_04-18-week1-PASSING_AND_PASSING,3,2,5
363221626,spring-cloud/spring-cloud-gcp,02/09/18 11:48,spirals-bears,c528381b-1d5b-4a22-a74f-ab72178e0533_04-18-week1-PASSING_AND_PASSING,4,2,6
363138796,spring-cloud/spring-cloud-gcp,02/09/18 11:49,spirals-bears,c528381b-1d5b-4a22-a74f-ab72178e0533_04-18-week1-PASSING_AND_PASSING,4,3,7
363092447,spring-cloud/spring-cloud-gcp,02/09/18 11:49,spirals-bears,c528381b-1d5b-4a22-a74f-ab72178e0533_04-18-week1-PASSING_AND_PASSING,4,2,6
362345387,spring-cloud/spring-cloud-gcp,02/09/18 11:49,spirals-bears,c528381b-1d5b-4a22-a74f-ab72178e0533_04-18-week1-PASSING_AND_PASSING,4,2,6
362808028,spring-cloud/spring-cloud-gcp,02/09/18 11:49,spirals-bears,c528381b-1d5b-4a22-a74f-ab72178e0533_04-18-week1-PASSING_AND_PASSING,5,2,7
362806706,spring-cloud/spring-cloud-gcp,02/09/18 11:50,spirals-bears,c528381b-1d5b-4a22-a74f-ab72178e0533_04-18-week1-PASSING_AND_PASSING,4,1,5
361734743,spring-cloud/spring-cloud-gcp,02/09/18 11:50,spirals-bears,c528381b-1d5b-4a22-a74f-ab72178e0533_04-18-week1-PASSING_AND_PASSING,5,2,7
359917044,swagger-api/swagger-codegen,02/09/18 11:50,spirals-bears,c528381b-1d5b-4a22-a74f-ab72178e0533_04-18-week1-PASSING_AND_PASSING,33,0,28,1,8,221,0,9,300
362713189,spring-cloud/spring-cloud-gcp,02/09/18 11:50,spirals-bears,c528381b-1d5b-4a22-a74f-ab72178e0533_04-18-week1-PASSING_AND_PASSING,4,1,5
361860031,spring-cloud/spring-cloud-gcp,02/09/18 11:51,spirals-bears,c528381b-1d5b-4a22-a74f-ab72178e0533_04-18-week1-PASSING_AND_PASSING,4,2,6
362238072,spring-cloud/spring-cloud-gcp,02/09/18 11:51,spirals-bears,c528381b-1d5b-4a22-a74f-ab72178e0533_04-18-week1-PASSING_AND_PASSING,4,2,6
362182256,spring-cloud/spring-cloud-gcp,02/09/18 11:51,spirals-bears,c528381b-1d5b-4a22-a74f-ab72178e0533_04-18-week1-PASSING_AND_PASSING,4,2,6
361855156,spring-cloud/spring-cloud-gcp,02/09/18 11:51,spirals-bears,c528381b-1d5b-4a22-a74f-ab72178e0533_04-18-week1-PASSING_AND_PASSING,5,2,7
359973542,spring-cloud/spring-cloud-gcp,02/09/18 11:52,spirals-bears,c528381b-1d5b-4a22-a74f-ab72178e0533_04-18-week1-PASSING_AND_PASSING,4,2,6
361690621,spring-cloud/spring-cloud-gcp,02/09/18 11:52,spirals-bears,c528381b-1d5b-4a22-a74f-ab72178e0533_04-18-week1-PASSING_AND_PASSING,4,1,5
361409167,spring-cloud/spring-cloud-gcp,02/09/18 11:52,spirals-bears,c528381b-1d5b-4a22-a74f-ab72178e0533_04-18-week1-PASSING_AND_PASSING,5,2,7
361308609,spring-cloud/spring-cloud-gcp,02/09/18 11:52,spirals-bears,c528381b-1d5b-4a22-a74f-ab72178e0533_04-18-week1-PASSING_AND_PASSING,5,2,7
361308768,spring-cloud/spring-cloud-gcp,02/09/18 11:53,spirals-bears,c528381b-1d5b-4a22-a74f-ab72178e0533_04-18-week1-PASSING_AND_PASSING,5,2,7
361305458,spring-cloud/spring-cloud-gcp,02/09/18 11:53,spirals-bears,c528381b-1d5b-4a22-a74f-ab72178e0533_04-18-week1-PASSING_AND_PASSING,4,2,6
361300967,spring-cloud/spring-cloud-gcp,02/09/18 11:53,spirals-bears,c528381b-1d5b-4a22-a74f-ab72178e0533_04-18-week1-PASSING_AND_PASSING,4,2,6
361279168,spring-cloud/spring-cloud-gcp,02/09/18 11:53,spirals-bears,c528381b-1d5b-4a22-a74f-ab72178e0533_04-18-week1-PASSING_AND_PASSING,4,2,6
362051704,aicis/fresco,02/09/18 11:54,spirals-bears,c528381b-1d5b-4a22-a74f-ab72178e0533_04-18-week1-PASSING_AND_PASSING,9,0,1264,0,0,97,0,0,1370
362788987,spring-cloud/spring-cloud-gcp,02/09/18 11:54,spirals-bears,c528381b-1d5b-4a22-a74f-ab72178e0533_04-18-week1-PASSING_AND_PASSING,5,100,101,0,206,0,412
361227124,spring-cloud/spring-cloud-gcp,02/09/18 11:54,spirals-bears,c528381b-1d5b-4a22-a74f-ab72178e0533_04-18-week1-PASSING_AND_PASSING,5,2,7
360410341,spring-cloud/spring-cloud-gcp,02/09/18 11:54,spirals-bears,c528381b-1d5b-4a22-a74f-ab72178e0533_04-18-week1-PASSING_AND_PASSING,5,2,7
353232283,apache/incubator-servicecomb-saga,02/09/18 11:54,spirals-bears,c528381b-1d5b-4a22-a74f-ab72178e0533_04-18-week1-PASSING_AND_PASSING,5,3,8
361349703,RipMeApp/ripme,02/09/18 11:54,spirals-bears,c528381b-1d5b-4a22-a74f-ab72178e0533_04-18-week1-PASSING_AND_PASSING,5,0,1,0,22,0,28
362735777,datastax/java-driver,02/09/18 11:54,spirals-bears,c528381b-1d5b-4a22-a74f-ab72178e0533_04-18-week1-PASSING_AND_PASSING,18,3,21
362735706,datastax/java-driver,02/09/18 11:55,spirals-bears,c528381b-1d5b-4a22-a74f-ab72178e0533_04-18-week1-PASSING_AND_PASSING,15,0,15
362683080,datastax/java-driver,02/09/18 11:55,spirals-bears,c528381b-1d5b-4a22-a74f-ab72178e0533_04-18-week1-PASSING_AND_PASSING,16,0,16
358918436,apache/incubator-servicecomb-saga,02/09/18 11:55,spirals-bears,c528381b-1d5b-4a22-a74f-ab72178e0533_04-18-week1-PASSING_AND_PASSING,4,0,2,0,59,0,65
361892383,datastax/java-driver,02/09/18 11:55,spirals-bears,c528381b-1d5b-4a22-a74f-ab72178e0533_04-18-week1-PASSING_AND_PASSING,17,2,19
361892327,datastax/java-driver,02/09/18 11:55,spirals-bears,c528381b-1d5b-4a22-a74f-ab72178e0533_04-18-week1-PASSING_AND_PASSING,18,0,18
361821244,datastax/java-driver,02/09/18 11:56,spirals-bears,c528381b-1d5b-4a22-a74f-ab72178e0533_04-18-week1-PASSING_AND_PASSING,17,3,20
361291724,datastax/java-driver,02/09/18 11:56,spirals-bears,c528381b-1d5b-4a22-a74f-ab72178e0533_04-18-week1-PASSING_AND_PASSING,16,3,19
362083022,SzFMV2018-Tavasz/AutomatedCar,02/09/18 11:56,spirals-bears,c528381b-1d5b-4a22-a74f-ab72178e0533_04-18-week1-PASSING_AND_PASSING,8,0,0,0,19,0,27
362314001,SzFMV2018-Tavasz/AutomatedCar,02/09/18 11:56,spirals-bears,c528381b-1d5b-4a22-a74f-ab72178e0533_04-18-week1-PASSING_AND_PASSING,9,0,0,0,19,0,28
360889665,SzFMV2018-Tavasz/AutomatedCar,02/09/18 11:56,spirals-bears,c528381b-1d5b-4a22-a74f-ab72178e0533_04-18-week1-PASSING_AND_PASSING,9,0,0,0,19,0,28
362314086,SzFMV2018-Tavasz/AutomatedCar,02/09/18 11:57,spirals-bears,c528381b-1d5b-4a22-a74f-ab72178e0533_04-18-week1-PASSING_AND_PASSING,10,0,0,4,21,3,38
360660480,SzFMV2018-Tavasz/AutomatedCar,02/09/18 11:57,spirals-bears,c528381b-1d5b-4a22-a74f-ab72178e0533_04-18-week1-PASSING_AND_PASSING,10,0,13,0,0,22,0,0,45
362778320,spring-cloud/spring-cloud-gcp,02/09/18 11:57,spirals-bears,c528381b-1d5b-4a22-a74f-ab72178e0533_04-18-week1-PASSING_AND_PASSING,4,110,101,0,226,0,441
362081553,SzFMV2018-Tavasz/AutomatedCar,02/09/18 11:57,spirals-bears,c528381b-1d5b-4a22-a74f-ab72178e0533_04-18-week1-PASSING_AND_PASSING,9,0,0,0,19,0,28
360660495,SzFMV2018-Tavasz/AutomatedCar,02/09/18 11:57,spirals-bears,c528381b-1d5b-4a22-a74f-ab72178e0533_04-18-week1-PASSING_AND_PASSING,10,0,16,0,3,21,0,3,53
360818449,SzFMV2018-Tavasz/AutomatedCar,02/09/18 11:58,spirals-bears,c528381b-1d5b-4a22-a74f-ab72178e0533_04-18-week1-PASSING_AND_PASSING,10,0,0,0,19,0,29
361137560,SzFMV2018-Tavasz/AutomatedCar,02/09/18 11:58,spirals-bears,c528381b-1d5b-4a22-a74f-ab72178e0533_04-18-week1-PASSING_AND_PASSING,9,0,0,0,20,0,29
361223872,SzFMV2018-Tavasz/AutomatedCar,02/09/18 11:58,spirals-bears,c528381b-1d5b-4a22-a74f-ab72178e0533_04-18-week1-PASSING_AND_PASSING,9,0,0,0,21,0,30
358175651,SzFMV2018-Tavasz/AutomatedCar,02/09/18 11:58,spirals-bears,c528381b-1d5b-4a22-a74f-ab72178e0533_04-18-week1-PASSING_AND_PASSING,9,0,0,0,21,0,30
358175618,SzFMV2018-Tavasz/AutomatedCar,02/09/18 11:59,spirals-bears,c528381b-1d5b-4a22-a74f-ab72178e0533_04-18-week1-PASSING_AND_PASSING,8,0,0,0,19,0,27
361136910,SzFMV2018-Tavasz/AutomatedCar,02/09/18 11:59,spirals-bears,c528381b-1d5b-4a22-a74f-ab72178e0533_04-18-week1-PASSING_AND_PASSING,8,0,0,0,20,0,28
358175660,SzFMV2018-Tavasz/AutomatedCar,02/09/18 11:59,spirals-bears,c528381b-1d5b-4a22-a74f-ab72178e0533_04-18-week1-PASSING_AND_PASSING,10,0,0,4,21,3,38
360904287,SzFMV2018-Tavasz/AutomatedCar,02/09/18 11:59,spirals-bears,c528381b-1d5b-4a22-a74f-ab72178e0533_04-18-week1-PASSING_AND_PASSING,9,0,0,4,20,3,36
360845133,SzFMV2018-Tavasz/AutomatedCar,02/09/18 11:59,spirals-bears,c528381b-1d5b-4a22-a74f-ab72178e0533_04-18-week1-PASSING_AND_PASSING,10,0,0,0,18,0,28
360887419,SzFMV2018-Tavasz/AutomatedCar,02/09/18 11:59,spirals-bears,c528381b-1d5b-4a22-a74f-ab72178e0533_04-18-week1-PASSING_AND_PASSING,10,0,0,0,19,0,29
360836163,SzFMV2018-Tavasz/AutomatedCar,02/09/18 12:00,spirals-bears,c528381b-1d5b-4a22-a74f-ab72178e0533_04-18-week1-PASSING_AND_PASSING,8,0,12,0,0,22,0,0,42
360836170,SzFMV2018-Tavasz/AutomatedCar,02/09/18 12:00,spirals-bears,c528381b-1d5b-4a22-a74f-ab72178e0533_04-18-week1-PASSING_AND_PASSING,8,0,12,0,4,22,0,2,48
359759646,SzFMV2018-Tavasz/AutomatedCar,02/09/18 12:00,spirals-bears,c528381b-1d5b-4a22-a74f-ab72178e0533_04-18-week1-PASSING_AND_PASSING,10,0,0,0,20,0,30
360844753,SzFMV2018-Tavasz/AutomatedCar,02/09/18 12:00,spirals-bears,c528381b-1d5b-4a22-a74f-ab72178e0533_04-18-week1-PASSING_AND_PASSING,11,0,12,0,0,22,0,0,45
363447199,dhis2/dhis2-core,02/09/18 12:02,spirals-bears,c528381b-1d5b-4a22-a74f-ab72178e0533_04-18-week1-PASSING_AND_PASSING,23,0,1,1,100,1,126
363087175,dhis2/dhis2-core,02/09/18 12:02,spirals-bears,c528381b-1d5b-4a22-a74f-ab72178e0533_04-18-week1-PASSING_AND_PASSING,22,0,1,1,99,1,124
363072482,dhis2/dhis2-core,02/09/18 12:03,spirals-bears,c528381b-1d5b-4a22-a74f-ab72178e0533_04-18-week1-PASSING_AND_PASSING,25,0,0,0,106,1,132
361654596,jcabi/jcabi-github,02/09/18 12:03,spirals-bears,c528381b-1d5b-4a22-a74f-ab72178e0533_04-18-week1-PASSING_AND_PASSING,21,0,0,0,165,0,186
363041355,dhis2/dhis2-core,02/09/18 12:05,spirals-bears,c528381b-1d5b-4a22-a74f-ab72178e0533_04-18-week1-PASSING_AND_PASSING,22,0,1,1,104,1,129
362758824,dhis2/dhis2-core,02/09/18 12:05,spirals-bears,c528381b-1d5b-4a22-a74f-ab72178e0533_04-18-week1-PASSING_AND_PASSING,23,0,1,1,103,1,129
362646712,dhis2/dhis2-core,02/09/18 12:05,spirals-bears,c528381b-1d5b-4a22-a74f-ab72178e0533_04-18-week1-PASSING_AND_PASSING,21,0,0,1,102,1,125
362508134,dhis2/dhis2-core,02/09/18 12:05,spirals-bears,c528381b-1d5b-4a22-a74f-ab72178e0533_04-18-week1-PASSING_AND_PASSING,24,3,27
362508234,dhis2/dhis2-core,02/09/18 12:05,spirals-bears,c528381b-1d5b-4a22-a74f-ab72178e0533_04-18-week1-PASSING_AND_PASSING,23,3,26
362099700,dhis2/dhis2-core,02/09/18 12:06,spirals-bears,c528381b-1d5b-4a22-a74f-ab72178e0533_04-18-week1-PASSING_AND_PASSING,23,0,0,6,100,5,134
361660257,dhis2/dhis2-core,02/09/18 12:06,spirals-bears,c528381b-1d5b-4a22-a74f-ab72178e0533_04-18-week1-PASSING_AND_PASSING,24,3,27
362502377,dhis2/dhis2-core,02/09/18 12:06,spirals-bears,c528381b-1d5b-4a22-a74f-ab72178e0533_04-18-week1-PASSING_AND_PASSING,23,3,26
360594538,dhis2/dhis2-core,02/09/18 12:06,spirals-bears,c528381b-1d5b-4a22-a74f-ab72178e0533_04-18-week1-PASSING_AND_PASSING,22,3,25
362255893,dhis2/dhis2-core,02/09/18 12:08,spirals-bears,c528381b-1d5b-4a22-a74f-ab72178e0533_04-18-week1-PASSING_AND_PASSING,23,0,1,1,97,1,123
362175208,dhis2/dhis2-core,02/09/18 12:08,spirals-bears,c528381b-1d5b-4a22-a74f-ab72178e0533_04-18-week1-PASSING_AND_PASSING,22,0,1,6,100,6,135
361461702,dhis2/dhis2-core,02/09/18 12:08,spirals-bears,c528381b-1d5b-4a22-a74f-ab72178e0533_04-18-week1-PASSING_AND_PASSING,23,0,1,7,98,9,138
362131023,dhis2/dhis2-core,02/09/18 12:08,spirals-bears,c528381b-1d5b-4a22-a74f-ab72178e0533_04-18-week1-PASSING_AND_PASSING,22,0,0,6,100,5,133
360991297,dhis2/dhis2-core,02/09/18 12:10,spirals-bears,c528381b-1d5b-4a22-a74f-ab72178e0533_04-18-week1-PASSING_AND_PASSING,22,0,0,6,100,4,132
362111964,dhis2/dhis2-core,02/09/18 12:11,spirals-bears,c528381b-1d5b-4a22-a74f-ab72178e0533_04-18-week1-PASSING_AND_PASSING,22,0,0,5,100,5,132
362103370,dhis2/dhis2-core,02/09/18 12:11,spirals-bears,c528381b-1d5b-4a22-a74f-ab72178e0533_04-18-week1-PASSING_AND_PASSING,21,0,1,5,98,4,129
361958097,dhis2/dhis2-core,02/09/18 12:11,spirals-bears,c528381b-1d5b-4a22-a74f-ab72178e0533_04-18-week1-PASSING_AND_PASSING,22,0,0,1,100,1,124
361519597,debezium/debezium,02/09/18 12:11,spirals-bears,c528381b-1d5b-4a22-a74f-ab72178e0533_04-18-week1-PASSING_AND_PASSING,7,4,11
359273541,debezium/debezium,02/09/18 12:11,spirals-bears,c528381b-1d5b-4a22-a74f-ab72178e0533_04-18-week1-PASSING_AND_PASSING,6,3,9
361532201,MyCoRe-Org/mycore,02/09/18 12:12,spirals-bears,c528381b-1d5b-4a22-a74f-ab72178e0533_04-18-week1-PASSING_AND_PASSING,50,3,53
358939575,debezium/debezium,02/09/18 12:13,spirals-bears,c528381b-1d5b-4a22-a74f-ab72178e0533_04-18-week1-PASSING_AND_PASSING,6,0,0,4,102,6,118
343447140,MyCoRe-Org/mycore,02/09/18 12:13,spirals-bears,c528381b-1d5b-4a22-a74f-ab72178e0533_04-18-week1-PASSING_AND_PASSING,47,0,47
359848029,debezium/debezium,02/09/18 12:14,spirals-bears,c528381b-1d5b-4a22-a74f-ab72178e0533_04-18-week1-PASSING_AND_PASSING,7,0,51,0,0,132,0,0,190
359767790,MyCoRe-Org/mycore,02/09/18 12:14,spirals-bears,c528381b-1d5b-4a22-a74f-ab72178e0533_04-18-week1-PASSING_AND_PASSING,73,2,75
362407582,2018swecapstone/h2ms,02/09/18 12:15,spirals-bears,c528381b-1d5b-4a22-a74f-ab72178e0533_04-18-week1-PASSING_AND_PASSING,3,0,1,0,61,0,65
361477187,2018swecapstone/h2ms,02/09/18 12:15,spirals-bears,c528381b-1d5b-4a22-a74f-ab72178e0533_04-18-week1-PASSING_AND_PASSING,3,0,1,3,62,2,71
360972930,2018swecapstone/h2ms,02/09/18 12:15,spirals-bears,c528381b-1d5b-4a22-a74f-ab72178e0533_04-18-week1-PASSING_AND_PASSING,3,0,2,0,58,0,63
360918124,2018swecapstone/h2ms,02/09/18 12:16,spirals-bears,c528381b-1d5b-4a22-a74f-ab72178e0533_04-18-week1-PASSING_AND_PASSING,3,0,1,4,61,3,72
361466177,FrankSauve/345BudgetApp,02/09/18 12:16,spirals-bears,c528381b-1d5b-4a22-a74f-ab72178e0533_04-18-week1-PASSING_AND_PASSING,3,0,13,1,0,42,0,0,59
361420035,FrankSauve/345BudgetApp,02/09/18 12:17,spirals-bears,c528381b-1d5b-4a22-a74f-ab72178e0533_04-18-week1-PASSING_AND_PASSING,3,0,12,0,0,41,0,0,56
361457788,FrankSauve/345BudgetApp,02/09/18 12:17,spirals-bears,c528381b-1d5b-4a22-a74f-ab72178e0533_04-18-week1-PASSING_AND_PASSING,2,0,12,0,0,39,0,0,53
361441516,FrankSauve/345BudgetApp,02/09/18 12:18,spirals-bears,c528381b-1d5b-4a22-a74f-ab72178e0533_04-18-week1-PASSING_AND_PASSING,3,0,12,0,0,40,0,0,55
361421116,FrankSauve/345BudgetApp,02/09/18 12:18,spirals-bears,c528381b-1d5b-4a22-a74f-ab72178e0533_04-18-week1-PASSING_AND_PASSING,3,0,13,0,0,41,0,0,57
361041347,FrankSauve/345BudgetApp,02/09/18 12:18,spirals-bears,c528381b-1d5b-4a22-a74f-ab72178e0533_04-18-week1-PASSING_AND_PASSING,3,0,13,1,0,39,0,0,56
346128690,FrankSauve/345BudgetApp,02/09/18 12:19,spirals-bears,c528381b-1d5b-4a22-a74f-ab72178e0533_04-18-week1-PASSING_AND_PASSING,3,0,12,0,0,40,0,0,55
361029583,FrankSauve/345BudgetApp,02/09/18 12:19,spirals-bears,c528381b-1d5b-4a22-a74f-ab72178e0533_04-18-week1-PASSING_AND_PASSING,3,0,13,0,0,38,0,0,54
361026700,FrankSauve/345BudgetApp,02/09/18 12:19,spirals-bears,c528381b-1d5b-4a22-a74f-ab72178e0533_04-18-week1-PASSING_AND_PASSING,3,0,13,0,0,39,0,0,55
361001522,FrankSauve/345BudgetApp,02/09/18 12:20,spirals-bears,c528381b-1d5b-4a22-a74f-ab72178e0533_04-18-week1-PASSING_AND_PASSING,4,0,11,0,0,39,0,0,54
361025758,FrankSauve/345BudgetApp,02/09/18 12:20,spirals-bears,c528381b-1d5b-4a22-a74f-ab72178e0533_04-18-week1-PASSING_AND_PASSING,3,0,12,0,0,37,0,0,52
361025143,FrankSauve/345BudgetApp,02/09/18 12:20,spirals-bears,c528381b-1d5b-4a22-a74f-ab72178e0533_04-18-week1-PASSING_AND_PASSING,3,0,13,0,0,39,0,0,55
361024202,FrankSauve/345BudgetApp,02/09/18 12:21,spirals-bears,c528381b-1d5b-4a22-a74f-ab72178e0533_04-18-week1-PASSING_AND_PASSING,3,0,12,0,0,39,0,0,54
361023225,FrankSauve/345BudgetApp,02/09/18 12:21,spirals-bears,c528381b-1d5b-4a22-a74f-ab72178e0533_04-18-week1-PASSING_AND_PASSING,3,0,12,0,0,39,0,0,54
361115226,dhis2/dhis2-core,02/09/18 12:21,spirals-bears,c528381b-1d5b-4a22-a74f-ab72178e0533_04-18-week1-PASSING_AND_PASSING,13,0,0,207,0,1,8,0,201,0,0,15,0,22,7,166,640
361022992,FrankSauve/345BudgetApp,02/09/18 12:22,spirals-bears,c528381b-1d5b-4a22-a74f-ab72178e0533_04-18-week1-PASSING_AND_PASSING,3,0,15,0,0,40,0,0,58
361020286,FrankSauve/345BudgetApp,02/09/18 12:22,spirals-bears,c528381b-1d5b-4a22-a74f-ab72178e0533_04-18-week1-PASSING_AND_PASSING,3,0,13,0,0,41,1,0,58
361019054,FrankSauve/345BudgetApp,02/09/18 12:22,spirals-bears,c528381b-1d5b-4a22-a74f-ab72178e0533_04-18-week1-PASSING_AND_PASSING,3,0,14,0,0,41,0,0,58
361019476,FrankSauve/345BudgetApp,02/09/18 12:22,spirals-bears,c528381b-1d5b-4a22-a74f-ab72178e0533_04-18-week1-PASSING_AND_PASSING,3,0,15,0,0,41,0,0,59
360993077,FrankSauve/345BudgetApp,02/09/18 12:23,spirals-bears,c528381b-1d5b-4a22-a74f-ab72178e0533_04-18-week1-PASSING_AND_PASSING,3,0,13,0,0,41,0,0,57
360925744,FrankSauve/345BudgetApp,02/09/18 12:23,spirals-bears,c528381b-1d5b-4a22-a74f-ab72178e0533_04-18-week1-PASSING_AND_PASSING,3,0,11,0,0,42,0,0,56
360816448,FrankSauve/345BudgetApp,02/09/18 12:23,spirals-bears,c528381b-1d5b-4a22-a74f-ab72178e0533_04-18-week1-PASSING_AND_PASSING,3,0,14,0,0,40,0,0,57
360820193,FrankSauve/345BudgetApp,02/09/18 12:23,spirals-bears,c528381b-1d5b-4a22-a74f-ab72178e0533_04-18-week1-PASSING_AND_PASSING,3,0,14,0,0,40,0,0,57
360819671,FrankSauve/345BudgetApp,02/09/18 12:24,spirals-bears,c528381b-1d5b-4a22-a74f-ab72178e0533_04-18-week1-PASSING_AND_PASSING,3,0,13,0,4,42,0,2,64
360819500,FrankSauve/345BudgetApp,02/09/18 12:24,spirals-bears,c528381b-1d5b-4a22-a74f-ab72178e0533_04-18-week1-PASSING_AND_PASSING,4,0,13,0,0,44,0,0,61
360692916,FrankSauve/345BudgetApp,02/09/18 12:24,spirals-bears,c528381b-1d5b-4a22-a74f-ab72178e0533_04-18-week1-PASSING_AND_PASSING,3,0,12,0,0,41,0,0,56
360813471,FrankSauve/345BudgetApp,02/09/18 12:25,spirals-bears,c528381b-1d5b-4a22-a74f-ab72178e0533_04-18-week1-PASSING_AND_PASSING,3,0,13,0,3,41,0,2,62
360813464,FrankSauve/345BudgetApp,02/09/18 12:25,spirals-bears,c528381b-1d5b-4a22-a74f-ab72178e0533_04-18-week1-PASSING_AND_PASSING,3,0,12,0,0,41,0,0,56
360765943,FrankSauve/345BudgetApp,02/09/18 12:26,spirals-bears,c528381b-1d5b-4a22-a74f-ab72178e0533_04-18-week1-PASSING_AND_PASSING,4,0,12,0,0,41,0,0,57
360766294,FrankSauve/345BudgetApp,02/09/18 12:26,spirals-bears,c528381b-1d5b-4a22-a74f-ab72178e0533_04-18-week1-PASSING_AND_PASSING,4,0,13,0,3,40,0,1,61
360765775,FrankSauve/345BudgetApp,02/09/18 12:26,spirals-bears,c528381b-1d5b-4a22-a74f-ab72178e0533_04-18-week1-PASSING_AND_PASSING,3,0,13,0,0,40,0,0,56
360763935,FrankSauve/345BudgetApp,02/09/18 12:26,spirals-bears,c528381b-1d5b-4a22-a74f-ab72178e0533_04-18-week1-PASSING_AND_PASSING,3,0,14,0,0,41,0,0,58
360762564,FrankSauve/345BudgetApp,02/09/18 12:27,spirals-bears,c528381b-1d5b-4a22-a74f-ab72178e0533_04-18-week1-PASSING_AND_PASSING,4,0,12,0,0,42,0,0,58
360756769,FrankSauve/345BudgetApp,02/09/18 12:27,spirals-bears,c528381b-1d5b-4a22-a74f-ab72178e0533_04-18-week1-PASSING_AND_PASSING,3,0,14,0,0,41,0,0,58
360759055,FrankSauve/345BudgetApp,02/09/18 12:27,spirals-bears,c528381b-1d5b-4a22-a74f-ab72178e0533_04-18-week1-PASSING_AND_PASSING,3,0,16,0,0,40,0,0,59
360745779,FrankSauve/345BudgetApp,02/09/18 12:27,spirals-bears,c528381b-1d5b-4a22-a74f-ab72178e0533_04-18-week1-PASSING_AND_PASSING,5,0,5
360747387,FrankSauve/345BudgetApp,02/09/18 12:27,spirals-bears,c528381b-1d5b-4a22-a74f-ab72178e0533_04-18-week1-PASSING_AND_PASSING,3,0,11,0,0,43,0,0,57
358628704,fabric8io/fabric8-maven-plugin,02/09/18 12:28,spirals-bears,c528381b-1d5b-4a22-a74f-ab72178e0533_04-18-week1-PASSING_AND_PASSING,29,2,31
363410081,fabric8io/fabric8-maven-plugin,02/09/18 12:28,spirals-bears,c528381b-1d5b-4a22-a74f-ab72178e0533_04-18-week1-PASSING_AND_PASSING,30,5,35
361981330,fabric8io/fabric8-maven-plugin,02/09/18 12:28,spirals-bears,c528381b-1d5b-4a22-a74f-ab72178e0533_04-18-week1-PASSING_AND_PASSING,29,5,34
361563746,fabric8io/fabric8-maven-plugin,02/09/18 12:28,spirals-bears,c528381b-1d5b-4a22-a74f-ab72178e0533_04-18-week1-PASSING_AND_PASSING,31,5,36
361562817,fabric8io/fabric8-maven-plugin,02/09/18 12:28,spirals-bears,c528381b-1d5b-4a22-a74f-ab72178e0533_04-18-week1-PASSING_AND_PASSING,29,5,34
361561231,fabric8io/fabric8-maven-plugin,02/09/18 12:28,spirals-bears,c528381b-1d5b-4a22-a74f-ab72178e0533_04-18-week1-PASSING_AND_PASSING,29,6,35
360708190,jdbi/jdbi,02/09/18 12:31,spirals-bears,c528381b-1d5b-4a22-a74f-ab72178e0533_04-18-week1-PASSING_AND_PASSING,8,0,1,0,162,0,171
361157004,zalando/zalenium,02/09/18 12:33,spirals-bears,c528381b-1d5b-4a22-a74f-ab72178e0533_04-18-week1-PASSING_AND_PASSING,11,0,0,119,0,0,0,0,115,0,0,21,0,4,1,40,311
359754519,zalando/zalenium,02/09/18 12:34,spirals-bears,c528381b-1d5b-4a22-a74f-ab72178e0533_04-18-week1-PASSING_AND_PASSING,11,0,0,118,0,0,1,0,112,0,0,20,0,5,0,41,308
360954793,zalando/zalenium,02/09/18 12:34,spirals-bears,c528381b-1d5b-4a22-a74f-ab72178e0533_04-18-week1-PASSING_AND_PASSING,13,0,2,117,0,0,0,0,117,4,0,17,2,5,1,40,318
337634189,B3Partners/brmo,02/09/18 12:36,spirals-bears,c528381b-1d5b-4a22-a74f-ab72178e0533_04-18-week1-PASSING_AND_PASSING,105,9,114
337633154,B3Partners/brmo,02/09/18 12:36,spirals-bears,c528381b-1d5b-4a22-a74f-ab72178e0533_04-18-week1-PASSING_AND_PASSING,83,0,0,0,2,85
362334293,B3Partners/brmo,02/09/18 12:36,spirals-bears,c528381b-1d5b-4a22-a74f-ab72178e0533_04-18-week1-PASSING_AND_PASSING,84,0,2,4,209,2,301
360779110,tencentyun/cos-java-sdk-v5,02/09/18 12:36,spirals-bears,c528381b-1d5b-4a22-a74f-ab72178e0533_04-18-week1-PASSING_AND_PASSING,3,0,0,0,19,0,22
362570616,jnidzwetzki/bboxdb,02/09/18 12:37,spirals-bears,c528381b-1d5b-4a22-a74f-ab72178e0533_04-18-week1-PASSING_AND_PASSING,9,0,0,0,31,0,40
360797645,jnidzwetzki/bboxdb,02/09/18 12:37,spirals-bears,c528381b-1d5b-4a22-a74f-ab72178e0533_04-18-week1-PASSING_AND_PASSING,8,0,1,0,36,0,45
361994817,jacoco/jacoco,02/09/18 12:37,spirals-bears,c528381b-1d5b-4a22-a74f-ab72178e0533_04-18-week1-PASSING_AND_PASSING,5,2,7
361994805,jacoco/jacoco,02/09/18 12:37,spirals-bears,c528381b-1d5b-4a22-a74f-ab72178e0533_04-18-week1-PASSING_AND_PASSING,6,0,6
361337286,jacoco/jacoco,02/09/18 12:38,spirals-bears,c528381b-1d5b-4a22-a74f-ab72178e0533_04-18-week1-PASSING_AND_PASSING,6,0,9,0,15
361593481,jacoco/jacoco,02/09/18 12:38,spirals-bears,c528381b-1d5b-4a22-a74f-ab72178e0533_04-18-week1-PASSING_AND_PASSING,7,0,7
361593502,jacoco/jacoco,02/09/18 12:38,spirals-bears,c528381b-1d5b-4a22-a74f-ab72178e0533_04-18-week1-PASSING_AND_PASSING,6,2,8
360101668,jacoco/jacoco,02/09/18 12:38,spirals-bears,c528381b-1d5b-4a22-a74f-ab72178e0533_04-18-week1-PASSING_AND_PASSING,10,0,1,0,11
362643890,jnidzwetzki/bboxdb,02/09/18 12:39,spirals-bears,c528381b-1d5b-4a22-a74f-ab72178e0533_04-18-week1-PASSING_AND_PASSING,5,0,0,42,0,0,1,0,34,0,0,12,0,8,0,76,178
361500675,B3Partners/brmo,02/09/18 12:40,spirals-bears,c528381b-1d5b-4a22-a74f-ab72178e0533_04-18-week1-PASSING_AND_PASSING,91,0,147,4,3,105,0,5,355
